4639    262235    1    2015 11 20 19 35 44    0.672269    1.11556    0.456163
4639    262235    2    2015 11 20 19 36 7    0.674208    1.1215    0.458069
4639    262235    3    2015 11 20 19 36 31    0.672915    1.11754    0.456798
4639    262235    4    2015 11 20 19 36 54    0.672915    1.11754    0.456798
4639    262235    5    2015 11 20 19 37 17    0.672915    1.11754    0.456798
4639    262235    6    2015 11 20 19 37 41    0.672269    1.11556    0.456163
4639    262235    7    2015 11 20 19 38 4    0.671622    1.11359    0.45553
4639    262235    8    2015 11 20 19 38 27    0.672269    1.11556    0.456163
4639    262235    9    2015 11 20 19 38 51    0.670976    1.11162    0.454897
4639    262235    10    2015 11 20 19 39 14    0.671622    1.11359    0.45553
4639    262235    11    2015 11 20 19 39 37    0.670976    1.11162    0.454897
4639    262235    12    2015 11 20 19 40 1    0.67033    1.10966    0.454264
4639    262235    13    2015 11 20 19 40 24    0.67033    1.10966    0.454264
4639    262235    14    2015 11 20 19 40 47    0.67033    1.10966    0.454264
4639    262235    15    2015 11 20 19 41 10    0.669683    1.1077    0.453633
4639    262235    16    2015 11 20 19 41 34    0.669037    1.10575    0.453002
4639    262235    17    2015 11 20 19 41 57    0.669683    1.1077    0.453633
4639    262235    18    2015 11 20 19 42 20    0.669683    1.1077    0.453633
4639    262235    19    2015 11 20 19 42 44    0.66839    1.1038    0.452371
4639    262235    20    2015 11 20 19 43 7    0.669037    1.10575    0.453002
4639    262235    21    2015 11 20 19 43 30    0.66839    1.1038    0.452371
4639    262235    22    2015 11 20 19 43 54    0.667097    1.09991    0.451113
4639    262235    23    2015 11 20 19 44 17    0    -0    0
4639    262235    24    2015 11 20 19 44 40    0.667744    1.10185    0.451742
4639    262235    25    2015 11 20 19 45 4    0.667097    1.09991    0.451113
4639    262235    26    2015 11 20 19 45 27    0.666451    1.09797    0.450484
4639    262235    27    2015 11 20 19 45 50    0.666451    1.09797    0.450484
4639    262235    28    2015 11 20 19 46 14    0.667097    1.09991    0.451113
4639    262235    29    2015 11 20 19 46 37    0.666451    1.09797    0.450484
4639    262235    30    2015 11 20 19 47 0    0.665805    1.09603    0.449857
4639    262235    31    2015 11 20 19 47 23    0.665805    1.09603    0.449857
4639    262235    32    2015 11 20 19 47 47    0.665158    1.0941    0.44923
4639    262235    33    2015 11 20 19 48 10    0.665158    1.0941    0.44923
4639    262235    34    2015 11 20 19 48 33    0.665158    1.0941    0.44923
4639    262235    35    2015 11 20 19 48 57    0.664512    1.09217    0.448603
4639    262235    36    2015 11 20 19 49 20    0.664512    1.09217    0.448603
4639    262235    37    2015 11 20 19 49 43    0.663865    1.09024    0.447977
4639    262235    38    2015 11 20 19 50 7    0.663219    1.08832    0.447352
4639    262235    39    2015 11 20 19 50 30    0.662572    1.0864    0.446728
4639    262235    40    2015 11 20 19 50 53    0.663219    1.08832    0.447352
4639    262235    41    2015 11 20 19 51 17    0.662572    1.0864    0.446728
4639    262235    42    2015 11 20 19 51 40    0.662572    1.0864    0.446728
4639    262235    43    2015 11 20 19 52 3    0.66128    1.08258    0.445481
4639    262235    44    2015 11 20 19 52 27    0.661926    1.08449    0.446104
4639    262235    45    2015 11 20 19 52 50    0.66128    1.08258    0.445481
4639    262235    46    2015 11 20 19 53 13    0.660633    1.08067    0.444859
4639    262235    47    2015 11 20 19 53 36    0.66128    1.08258    0.445481
4639    262235    48    2015 11 20 19 54 0    0.66128    1.08258    0.445481
4639    262235    49    2015 11 20 19 54 23    0.66128    1.08258    0.445481
4639    262235    50    2015 11 20 19 54 46    0.660633    1.08067    0.444859
4639    262235    51    2015 11 20 19 55 10    0.66128    1.08258    0.445481
4639    262235    52    2015 11 20 19 55 33    0.659987    1.07877    0.444237
4639    262235    53    2015 11 20 19 55 56    0.659987    1.07877    0.444237
4639    262235    54    2015 11 20 19 56 20    0.659987    1.07877    0.444237
4639    262235    55    2015 11 20 19 56 43    0.659987    1.07877    0.444237
4639    262235    56    2015 11 20 19 57 6    0.65934    1.07687    0.443616
4639    262235    57    2015 11 20 19 57 30    0.65934    1.07687    0.443616
4639    262235    58    2015 11 20 19 57 53    0.65934    1.07687    0.443616
4639    262235    59    2015 11 20 19 58 16    0.65934    1.07687    0.443616
4639    262235    60    2015 11 20 19 58 39    0.658694    1.07498    0.442995
4639    262235    61    2015 11 20 19 59 3    0.658694    1.07498    0.442995
4639    262235    62    2015 11 20 19 59 26    0.658694    1.07498    0.442995
4639    262235    63    2015 11 20 19 59 49    0.658694    1.07498    0.442995
4639    262235    64    2015 11 20 20 0 13    0.658047    1.07308    0.442375
4639    262235    65    2015 11 20 20 0 36    0.658047    1.07308    0.442375
4639    262235    66    2015 11 20 20 0 59    0.657401    1.07119    0.441756
4639    262235    67    2015 11 20 20 1 23    0.658047    1.07308    0.442375
4639    262235    68    2015 11 20 20 1 46    0.657401    1.07119    0.441756
4639    262235    69    2015 11 20 20 2 9    0.657401    1.07119    0.441756
4639    262235    70    2015 11 20 20 2 33    0.657401    1.07119    0.441756
4639    262235    71    2015 11 20 20 2 56    0.656755    1.06931    0.441137
4639    262235    72    2015 11 20 20 3 19    0.657401    1.07119    0.441756
4639    262235    73    2015 11 20 20 3 43    0.656108    1.06743    0.440519
4639    262235    74    2015 11 20 20 4 6    0.656755    1.06931    0.441137
4639    262235    75    2015 11 20 20 4 29    0.656108    1.06743    0.440519
4639    262235    76    2015 11 20 20 4 52    0.655462    1.06555    0.439902
4639    262235    77    2015 11 20 20 5 16    0.656108    1.06743    0.440519
4639    262235    78    2015 11 20 20 5 39    0.654815    1.06368    0.439285
4639    262235    79    2015 11 20 20 6 2    0.655462    1.06555    0.439902
4639    262235    80    2015 11 20 20 6 26    0.655462    1.06555    0.439902
4639    262235    81    2015 11 20 20 6 49    0.655462    1.06555    0.439902
4639    262235    82    2015 11 20 20 7 12    0.654815    1.06368    0.439285
4639    262235    83    2015 11 20 20 7 36    0.655462    1.06555    0.439902
4639    262235    84    2015 11 20 20 7 59    0.654815    1.06368    0.439285
4639    262235    85    2015 11 20 20 8 22    0.654169    1.0618    0.438669
4639    262235    86    2015 11 20 20 8 46    0.654815    1.06368    0.439285
4639    262235    87    2015 11 20 20 9 9    0.654169    1.0618    0.438669
4639    262235    88    2015 11 20 20 9 32    0.654169    1.0618    0.438669
4639    262235    89    2015 11 20 20 9 55    0.654169    1.0618    0.438669
4639    262235    90    2015 11 20 20 10 19    0.654169    1.0618    0.438669
4639    262235    91    2015 11 20 20 10 42    0.653523    1.05994    0.438054
4639    262235    92    2015 11 20 20 11 5    0.654169    1.0618    0.438669
4639    262235    93    2015 11 20 20 11 29    0.653523    1.05994    0.438054
4639    262235    94    2015 11 20 20 11 52    0.653523    1.05994    0.438054
4639    262235    95    2015 11 20 20 12 15    0.65223    1.05621    0.436825
4639    262235    96    2015 11 20 20 12 39    0.653523    1.05994    0.438054
4639    262235    97    2015 11 20 20 13 2    0.652876    1.05807    0.437439
4639    262235    98    2015 11 20 20 13 25    0.652876    1.05807    0.437439
4639    262235    99    2015 11 20 20 13 49    0.652876    1.05807    0.437439
4639    262235    100    2015 11 20 20 14 12    0.65223    1.05621    0.436825
4639    262235    101    2015 11 20 20 14 35    0.651583    1.05436    0.436211
4639    262235    102    2015 11 20 20 14 59    0.65223    1.05621    0.436825
4639    262235    103    2015 11 20 20 15 22    0.650937    1.0525    0.435598
4639    262235    104    2015 11 20 20 15 45    0.651583    1.05436    0.436211
4639    262235    105    2015 11 20 20 16 8    0.651583    1.05436    0.436211
4639    262235    106    2015 11 20 20 16 32    0.651583    1.05436    0.436211
4639    262235    107    2015 11 20 20 16 55    0.651583    1.05436    0.436211
4639    262235    108    2015 11 20 20 17 18    0.651583    1.05436    0.436211
4639    262235    109    2015 11 20 20 17 42    0.650937    1.0525    0.435598
4639    262235    110    2015 11 20 20 18 5    0.65029    1.05065    0.434986
4639    262235    111    2015 11 20 20 18 28    0.65029    1.05065    0.434986
4639    262235    112    2015 11 20 20 18 52    0.650937    1.0525    0.435598
4639    262235    113    2015 11 20 20 19 15    0.65029    1.05065    0.434986
4639    262235    114    2015 11 20 20 19 38    0.649644    1.04881    0.434374
4639    262235    115    2015 11 20 20 20 2    0.65029    1.05065    0.434986
4639    262235    116    2015 11 20 20 20 25    0.649644    1.04881    0.434374
4639    262235    117    2015 11 20 20 20 48    0.649644    1.04881    0.434374
4639    262235    118    2015 11 20 20 21 11    0.649644    1.04881    0.434374
4639    262235    119    2015 11 20 20 21 35    0.649644    1.04881    0.434374
4639    262235    120    2015 11 20 20 21 58    0.648998    1.04696    0.433763
4639    262235    121    2015 11 20 20 22 21    0.648998    1.04696    0.433763
4639    262235    122    2015 11 20 20 22 45    0.648998    1.04696    0.433763
4639    262235    123    2015 11 20 20 23 8    0.648998    1.04696    0.433763
4639    262235    124    2015 11 20 20 23 31    0.648351    1.04512    0.433153
4639    262235    125    2015 11 20 20 23 55    0.648998    1.04696    0.433763
4639    262235    126    2015 11 20 20 24 18    0.648351    1.04512    0.433153
4639    262235    127    2015 11 20 20 24 41    0.647705    1.04329    0.432543
4639    262235    128    2015 11 20 20 25 5    0.648351    1.04512    0.433153
4639    262235    129    2015 11 20 20 25 28    0.647705    1.04329    0.432543
4639    262235    130    2015 11 20 20 25 51    0.647705    1.04329    0.432543
4639    262235    131    2015 11 20 20 26 15    0.647058    1.04145    0.431934
4639    262235    132    2015 11 20 20 26 38    0.647705    1.04329    0.432543
4639    262235    133    2015 11 20 20 27 1    0.647058    1.04145    0.431934
4639    262235    134    2015 11 20 20 27 24    0.647058    1.04145    0.431934
4639    262235    135    2015 11 20 20 27 48    0.647058    1.04145    0.431934
4639    262235    136    2015 11 20 20 28 11    0.647058    1.04145    0.431934
4639    262235    137    2015 11 20 20 28 34    0.646412    1.03962    0.431325
4639    262235    138    2015 11 20 20 28 58    0.647058    1.04145    0.431934
4639    262235    139    2015 11 20 20 29 21    0.645765    1.0378    0.430717
4639    262235    140    2015 11 20 20 29 44    0.646412    1.03962    0.431325
4639    262235    141    2015 11 20 20 30 8    0.646412    1.03962    0.431325
4639    262235    142    2015 11 20 20 30 31    0.646412    1.03962    0.431325
4639    262235    143    2015 11 20 20 30 54    0.645765    1.0378    0.430717
4639    262235    144    2015 11 20 20 31 18    0.645119    1.03597    0.43011
4639    262235    145    2015 11 20 20 31 41    0.645765    1.0378    0.430717
4639    262235    146    2015 11 20 20 32 4    0.645765    1.0378    0.430717
4639    262235    147    2015 11 20 20 32 27    0.645119    1.03597    0.43011
4639    262235    148    2015 11 20 20 32 51    0.645119    1.03597    0.43011
4639    262235    149    2015 11 20 20 33 14    0.645119    1.03597    0.43011
4639    262235    150    2015 11 20 20 33 37    0.645119    1.03597    0.43011
4639    262235    151    2015 11 20 20 34 1    0.645119    1.03597    0.43011
4639    262235    152    2015 11 20 20 34 24    0.644473    1.03415    0.429503
4639    262235    153    2015 11 20 20 34 47    0.643826    1.03234    0.428897
4639    262235    154    2015 11 20 20 35 11    0.644473    1.03415    0.429503
4639    262235    155    2015 11 20 20 35 34    0.64318    1.03052    0.428291
4639    262235    156    2015 11 20 20 35 57    0.643826    1.03234    0.428897
4639    262235    157    2015 11 20 20 36 21    0.643826    1.03234    0.428897
4639    262235    158    2015 11 20 20 36 44    0.643826    1.03234    0.428897
4639    262235    159    2015 11 20 20 37 7    0.64318    1.03052    0.428291
4639    262235    160    2015 11 20 20 37 31    0.64318    1.03052    0.428291
4639    262235    161    2015 11 20 20 37 54    0.643826    1.03234    0.428897
4639    262235    162    2015 11 20 20 38 17    0.64318    1.03052    0.428291
4639    262235    163    2015 11 20 20 38 40    0.642533    1.02871    0.427686
4639    262235    164    2015 11 20 20 39 4    0.642533    1.02871    0.427686
4639    262235    165    2015 11 20 20 39 27    0.642533    1.02871    0.427686
4639    262235    166    2015 11 20 20 39 50    0.642533    1.02871    0.427686
4639    262235    167    2015 11 20 20 40 14    0.642533    1.02871    0.427686
4639    262235    168    2015 11 20 20 40 37    0.641887    1.02691    0.427082
4639    262235    169    2015 11 20 20 41 0    0.641887    1.02691    0.427082
4639    262235    170    2015 11 20 20 41 24    0.641887    1.02691    0.427082
4639    262235    171    2015 11 20 20 41 47    0.641241    1.0251    0.426478
4639    262235    172    2015 11 20 20 42 10    0.641887    1.02691    0.427082
4639    262235    173    2015 11 20 20 42 34    0.641887    1.02691    0.427082
4639    262235    174    2015 11 20 20 42 57    0.641241    1.0251    0.426478
4639    262235    175    2015 11 20 20 43 20    0.641241    1.0251    0.426478
4639    262235    176    2015 11 20 20 43 43    0.641241    1.0251    0.426478
4639    262235    177    2015 11 20 20 44 7    0.640594    1.0233    0.425875
4639    262235    178    2015 11 20 20 44 30    0.641241    1.0251    0.426478
4639    262235    179    2015 11 20 20 44 53    0.639948    1.02151    0.425272
4639    262235    180    2015 11 20 20 45 17    0.640594    1.0233    0.425875
4639    262235    181    2015 11 20 20 45 40    0.640594    1.0233    0.425875
4639    262235    182    2015 11 20 20 46 3    0.639948    1.02151    0.425272
4639    262235    183    2015 11 20 20 46 27    0.639948    1.02151    0.425272
4639    262235    184    2015 11 20 20 46 50    0.639948    1.02151    0.425272
4639    262235    185    2015 11 20 20 47 13    0.639948    1.02151    0.425272
4639    262235    186    2015 11 20 20 47 37    0.639301    1.01971    0.42467
4639    262235    187    2015 11 20 20 48 0    0.639948    1.02151    0.425272
4639    262235    188    2015 11 20 20 48 23    0.639301    1.01971    0.42467
4639    262235    189    2015 11 20 20 48 47    0.638655    1.01792    0.424069
4639    262235    190    2015 11 20 20 49 10    0.639301    1.01971    0.42467
4639    262235    191    2015 11 20 20 49 33    0.638655    1.01792    0.424069
4639    262235    192    2015 11 20 20 49 56    0.638655    1.01792    0.424069
4639    262235    193    2015 11 20 20 50 20    0.638655    1.01792    0.424069
4639    262235    194    2015 11 20 20 50 43    0.638655    1.01792    0.424069
4639    262235    195    2015 11 20 20 51 6    0.638008    1.01613    0.423468
4639    262235    196    2015 11 20 20 51 30    0.638008    1.01613    0.423468
4639    262235    197    2015 11 20 20 51 53    0.638008    1.01613    0.423468
4639    262235    198    2015 11 20 20 52 16    0.638008    1.01613    0.423468
4639    262235    199    2015 11 20 20 52 40    0.638008    1.01613    0.423468
4639    262235    200    2015 11 20 20 53 3    0.637362    1.01435    0.422868
4639    262235    201    2015 11 20 20 53 26    0.637362    1.01435    0.422868
4639    262235    202    2015 11 20 20 53 50    0.637362    1.01435    0.422868
4639    262235    203    2015 11 20 20 54 13    0.637362    1.01435    0.422868
4639    262235    204    2015 11 20 20 54 36    0.636716    1.01257    0.422269
4639    262235    205    2015 11 20 20 54 59    0.637362    1.01435    0.422868
4639    262235    206    2015 11 20 20 55 23    0.636716    1.01257    0.422269
4639    262235    207    2015 11 20 20 55 46    0.636069    1.01079    0.42167
4639    262235    208    2015 11 20 20 56 9    0.636716    1.01257    0.422269
4639    262235    209    2015 11 20 20 56 33    0.636069    1.01079    0.42167
4639    262235    210    2015 11 20 20 56 56    0.636716    1.01257    0.422269
4639    262235    211    2015 11 20 20 57 19    0.636069    1.01079    0.42167
4639    262235    212    2015 11 20 20 57 43    0.636069    1.01079    0.42167
4639    262235    213    2015 11 20 20 58 6    0.635423    1.00902    0.421071
4639    262235    214    2015 11 20 20 58 29    0.635423    1.00902    0.421071
4639    262235    215    2015 11 20 20 58 53    0.636069    1.01079    0.42167
4639    262235    216    2015 11 20 20 59 16    0.635423    1.00902    0.421071
4639    262235    217    2015 11 20 20 59 39    0.635423    1.00902    0.421071
4639    262235    218    2015 11 20 21 0 3    0.635423    1.00902    0.421071
4639    262235    219    2015 11 20 21 0 26    0.634776    1.00725    0.420473
4639    262235    220    2015 11 20 21 0 49    0.634776    1.00725    0.420473
4639    262235    221    2015 11 20 21 1 12    0.634776    1.00725    0.420473
4639    262235    222    2015 11 20 21 1 36    0.63413    1.00548    0.419876
4639    262235    223    2015 11 20 21 1 59    0.63413    1.00548    0.419876
4639    262235    224    2015 11 20 21 2 22    0.634776    1.00725    0.420473
4639    262235    225    2015 11 20 21 2 46    0.63413    1.00548    0.419876
4639    262235    226    2015 11 20 21 3 9    0.63413    1.00548    0.419876
4639    262235    227    2015 11 20 21 3 32    0.632837    1.00195    0.418683
4639    262235    228    2015 11 20 21 3 56    0.633483    1.00371    0.419279
4639    262235    229    2015 11 20 21 4 19    0.63413    1.00548    0.419876
4639    262235    230    2015 11 20 21 4 42    0.633483    1.00371    0.419279
4639    262235    231    2015 11 20 21 5 6    0.632837    1.00195    0.418683
4639    262235    232    2015 11 20 21 5 29    0.633483    1.00371    0.419279
4639    262235    233    2015 11 20 21 5 52    0.633483    1.00371    0.419279
4639    262235    234    2015 11 20 21 6 15    0.632837    1.00195    0.418683
4639    262235    235    2015 11 20 21 6 39    0.632191    1.00019    0.418088
4639    262235    236    2015 11 20 21 7 2    0.632191    1.00019    0.418088
4639    262235    237    2015 11 20 21 7 25    0.632837    1.00195    0.418683
4639    262235    238    2015 11 20 21 7 49    0.632191    1.00019    0.418088
4639    262235    239    2015 11 20 21 8 12    0.632837    1.00195    0.418683
4639    262235    240    2015 11 20 21 8 35    0.631544    0.998434    0.417493
4639    262235    241    2015 11 20 21 8 59    0.632191    1.00019    0.418088
4639    262235    242    2015 11 20 21 9 22    0.631544    0.998434    0.417493
4639    262235    243    2015 11 20 21 9 45    0.632191    1.00019    0.418088
4639    262235    244    2015 11 20 21 10 9    0.630898    0.996682    0.416899
4639    262235    245    2015 11 20 21 10 32    0.631544    0.998434    0.417493
4639    262235    246    2015 11 20 21 10 55    0.630898    0.996682    0.416899
4639    262235    247    2015 11 20 21 11 19    0.630898    0.996682    0.416899
4639    262235    248    2015 11 20 21 11 42    0.630898    0.996682    0.416899
4639    262235    249    2015 11 20 21 12 5    0.631544    0.998434    0.417493
4639    262235    250    2015 11 20 21 12 28    0.630898    0.996682    0.416899
4639    262235    251    2015 11 20 21 12 52    0.630898    0.996682    0.416899
4639    262235    252    2015 11 20 21 13 15    0.630251    0.994932    0.416305
4639    262235    253    2015 11 20 21 13 38    0.630251    0.994932    0.416305
4639    262235    254    2015 11 20 21 14 2    0.630251    0.994932    0.416305
4639    262235    255    2015 11 20 21 14 25    0.630251    0.994932    0.416305
4639    262235    256    2015 11 20 21 14 48    0.629605    0.993185    0.415712
4639    262235    257    2015 11 20 21 15 12    0.629605    0.993185    0.415712
4639    262235    258    2015 11 20 21 15 35    0.629605    0.993185    0.415712
4639    262235    259    2015 11 20 21 15 58    0.629605    0.993185    0.415712
4639    262235    260    2015 11 20 21 16 22    0.629605    0.993185    0.415712
4639    262235    261    2015 11 20 21 16 45    0.629605    0.993185    0.415712
4639    262235    262    2015 11 20 21 17 8    0.628958    0.991441    0.415119
4639    262235    263    2015 11 20 21 17 31    0.628958    0.991441    0.415119
4639    262235    264    2015 11 20 21 17 55    0.628958    0.991441    0.415119
4639    262235    265    2015 11 20 21 18 18    0.628958    0.991441    0.415119
4639    262235    266    2015 11 20 21 18 41    0.628958    0.991441    0.415119
4639    262235    267    2015 11 20 21 19 5    0.628312    0.989701    0.414527
4639    262235    268    2015 11 20 21 19 28    0.628312    0.989701    0.414527
4639    262235    269    2015 11 20 21 19 51    0.628312    0.989701    0.414527
4639    262235    270    2015 11 20 21 20 15    0.627666    0.987963    0.413935
4639    262235    271    2015 11 20 21 20 38    0.628312    0.989701    0.414527
4639    262235    272    2015 11 20 21 21 1    0.627666    0.987963    0.413935
4639    262235    273    2015 11 20 21 21 25    0.627666    0.987963    0.413935
4639    262235    274    2015 11 20 21 21 48    0.627666    0.987963    0.413935
4639    262235    275    2015 11 20 21 22 11    0.627019    0.986228    0.413345
4639    262235    276    2015 11 20 21 22 35    0.627666    0.987963    0.413935
4639    262235    277    2015 11 20 21 22 58    0.627019    0.986228    0.413345
4639    262235    278    2015 11 20 21 23 21    0.627019    0.986228    0.413345
4639    262235    279    2015 11 20 21 23 44    0.627019    0.986228    0.413345
4639    262235    280    2015 11 20 21 24 8    0.627019    0.986228    0.413345
4639    262235    281    2015 11 20 21 24 31    0.627019    0.986228    0.413345
4639    262235    282    2015 11 20 21 24 54    0.626373    0.984497    0.412754
4639    262235    283    2015 11 20 21 25 18    0.626373    0.984497    0.412754
4639    262235    284    2015 11 20 21 25 41    0.626373    0.984497    0.412754
4639    262235    285    2015 11 20 21 26 4    0.626373    0.984497    0.412754
4639    262235    286    2015 11 20 21 26 28    0.625726    0.982768    0.412164
4639    262235    287    2015 11 20 21 26 51    0.626373    0.984497    0.412754
4639    262235    288    2015 11 20 21 27 14    0.625726    0.982768    0.412164
4639    262235    289    2015 11 20 21 27 38    0.626373    0.984497    0.412754
4639    262235    290    2015 11 20 21 28 1    0.62508    0.981042    0.411575
4639    262235    291    2015 11 20 21 28 24    0.625726    0.982768    0.412164
4639    262235    292    2015 11 20 21 28 47    0.625726    0.982768    0.412164
4639    262235    293    2015 11 20 21 29 11    0.625726    0.982768    0.412164
4639    262235    294    2015 11 20 21 29 34    0.62508    0.981042    0.411575
4639    262235    295    2015 11 20 21 29 57    0.624434    0.97932    0.410987
4639    262235    296    2015 11 20 21 30 21    0.62508    0.981042    0.411575
4639    262235    297    2015 11 20 21 30 44    0.624434    0.97932    0.410987
4639    262235    298    2015 11 20 21 31 7    0.624434    0.97932    0.410987
4639    262235    299    2015 11 20 21 31 31    0.623787    0.9776    0.410399
4639    262235    300    2015 11 20 21 31 54    0.624434    0.97932    0.410987
4639    262235    301    2015 11 20 21 32 17    0.624434    0.97932    0.410987
4639    262235    302    2015 11 20 21 32 41    0.623787    0.9776    0.410399
4639    262235    303    2015 11 20 21 33 4    0.624434    0.97932    0.410987
4639    262235    304    2015 11 20 21 33 27    0.623787    0.9776    0.410399
4639    262235    305    2015 11 20 21 33 51    0.624434    0.97932    0.410987
4639    262235    306    2015 11 20 21 34 14    0.623787    0.9776    0.410399
4639    262235    307    2015 11 20 21 34 37    0.623141    0.975883    0.409811
4639    262235    308    2015 11 20 21 35 0    0.623787    0.9776    0.410399
4639    262235    309    2015 11 20 21 35 24    0.623141    0.975883    0.409811
4639    262235    310    2015 11 20 21 35 47    0.621848    0.972459    0.408638
4639    262235    311    2015 11 20 21 36 10    0.623141    0.975883    0.409811
4639    262235    312    2015 11 20 21 36 34    0.622494    0.974169    0.409224
4639    262235    313    2015 11 20 21 36 57    0.622494    0.974169    0.409224
4639    262235    314    2015 11 20 21 37 20    0.622494    0.974169    0.409224
4639    262235    315    2015 11 20 21 37 44    0.622494    0.974169    0.409224
4639    262235    316    2015 11 20 21 38 7    0.622494    0.974169    0.409224
4639    262235    317    2015 11 20 21 38 30    0.621848    0.972459    0.408638
4639    262235    318    2015 11 20 21 38 54    0.622494    0.974169    0.409224
4639    262235    319    2015 11 20 21 39 17    0.621848    0.972459    0.408638
4639    262235    320    2015 11 20 21 39 40    0.621201    0.970751    0.408052
4639    262235    321    2015 11 20 21 40 3    0.621848    0.972459    0.408638
4639    262235    322    2015 11 20 21 40 27    0.621848    0.972459    0.408638
4639    262235    323    2015 11 20 21 40 50    0.621848    0.972459    0.408638
4639    262235    324    2015 11 20 21 41 13    0.621201    0.970751    0.408052
4639    262235    325    2015 11 20 21 41 37    0.619909    0.967343    0.406882
4639    262235    326    2015 11 20 21 42 0    0.621201    0.970751    0.408052
4639    262235    327    2015 11 20 21 42 23    0.621201    0.970751    0.408052
4639    262235    328    2015 11 20 21 42 47    0.620555    0.969046    0.407467
4639    262235    329    2015 11 20 21 43 10    0.620555    0.969046    0.407467
4639    262235    330    2015 11 20 21 43 33    0.620555    0.969046    0.407467
4639    262235    331    2015 11 20 21 43 57    0.619909    0.967343    0.406882
4639    262235    332    2015 11 20 21 44 20    0.620555    0.969046    0.407467
4639    262235    333    2015 11 20 21 44 43    0.619909    0.967343    0.406882
4639    262235    334    2015 11 20 21 45 7    0.619909    0.967343    0.406882
4639    262235    335    2015 11 20 21 45 30    0.619909    0.967343    0.406882
4639    262235    336    2015 11 20 21 45 53    0.619262    0.965644    0.406298
4639    262235    337    2015 11 20 21 46 16    0.619262    0.965644    0.406298
4639    262235    338    2015 11 20 21 46 40    0.619262    0.965644    0.406298
4639    262235    339    2015 11 20 21 47 3    0.619909    0.967343    0.406882
4639    262235    340    2015 11 20 21 47 26    0.619262    0.965644    0.406298
4639    262235    341    2015 11 20 21 47 50    0.618616    0.963948    0.405714
4639    262235    342    2015 11 20 21 48 13    0.619262    0.965644    0.406298
4639    262235    343    2015 11 20 21 48 36    0.618616    0.963948    0.405714
4639    262235    344    2015 11 20 21 49 0    0.617969    0.962254    0.405131
4639    262235    345    2015 11 20 21 49 23    0.617969    0.962254    0.405131
4639    262235    346    2015 11 20 21 49 46    0.617969    0.962254    0.405131
4639    262235    347    2015 11 20 21 50 10    0.618616    0.963948    0.405714
4639    262235    348    2015 11 20 21 50 33    0.618616    0.963948    0.405714
4639    262235    349    2015 11 20 21 50 56    0.617969    0.962254    0.405131
4639    262235    350    2015 11 20 21 51 19    0.617969    0.962254    0.405131
4639    262235    351    2015 11 20 21 51 43    0.617323    0.960564    0.404549
4639    262235    352    2015 11 20 21 52 6    0.617969    0.962254    0.405131
4639    262235    353    2015 11 20 21 52 29    0.617969    0.962254    0.405131
4639    262235    354    2015 11 20 21 52 53    0.616676    0.958876    0.403967
4639    262235    355    2015 11 20 21 53 16    0.617969    0.962254    0.405131
4639    262235    356    2015 11 20 21 53 39    0.616676    0.958876    0.403967
4639    262235    357    2015 11 20 21 54 3    0.617323    0.960564    0.404549
4639    262235    358    2015 11 20 21 54 26    0.616676    0.958876    0.403967
4639    262235    359    2015 11 20 21 54 49    0.616676    0.958876    0.403967
4639    262235    360    2015 11 20 21 55 13    0.616676    0.958876    0.403967
4639    262235    361    2015 11 20 21 55 36    0.616676    0.958876    0.403967
4639    262235    362    2015 11 20 21 55 59    0.616676    0.958876    0.403967
4639    262235    363    2015 11 20 21 56 23    0.61603    0.957191    0.403385
4639    262235    364    2015 11 20 21 56 46    0.615384    0.955509    0.402804
4639    262235    365    2015 11 20 21 57 9    0.616676    0.958876    0.403967
4639    262235    366    2015 11 20 21 57 32    0.615384    0.955509    0.402804
4639    262235    367    2015 11 20 21 57 56    0.61603    0.957191    0.403385
4639    262235    368    2015 11 20 21 58 19    0.615384    0.955509    0.402804
4639    262235    369    2015 11 20 21 58 42    0.61603    0.957191    0.403385
4639    262235    370    2015 11 20 21 59 6    0.614737    0.95383    0.402224
4639    262235    371    2015 11 20 21 59 29    0.615384    0.955509    0.402804
4639    262235    372    2015 11 20 21 59 52    0.615384    0.955509    0.402804
4639    262235    373    2015 11 20 22 0 16    0.614737    0.95383    0.402224
4639    262235    374    2015 11 20 22 0 39    0.615384    0.955509    0.402804
4639    262235    375    2015 11 20 22 1 2    0.614737    0.95383    0.402224
4639    262235    376    2015 11 20 22 1 26    0.614737    0.95383    0.402224
4639    262235    377    2015 11 20 22 1 49    0.614737    0.95383    0.402224
4639    262235    378    2015 11 20 22 2 12    0.614091    0.952153    0.401644
4639    262235    379    2015 11 20 22 2 35    0.614737    0.95383    0.402224
4639    262235    380    2015 11 20 22 2 59    0.611505    0.945475    0.399331
4639    262235    381    2015 11 20 22 3 22    0.614091    0.952153    0.401644
4639    262235    382    2015 11 20 22 3 45    0.613444    0.950479    0.401065
4639    262235    383    2015 11 20 22 4 9    0.613444    0.950479    0.401065
4639    262235    384    2015 11 20 22 4 32    0.614091    0.952153    0.401644
4639    262235    385    2015 11 20 22 4 55    0.614091    0.952153    0.401644
4639    262235    386    2015 11 20 22 5 19    0.366515    0.45652    0.210952
4639    262235    387    2015 11 20 22 5 42    0    -0    0
4639    262235    388    2015 11 20 22 6 5    0    -0    0
4639    262235    389    2015 11 20 22 6 29    0    -0    0
