4647    262325    1    2015 11 23 0 16 33    0.637172    1.01383    0.422692
4647    262325    2    2015 11 23 0 16 56    0.653086    1.05868    0.437638
4647    262325    3    2015 11 23 0 17 19    0.652761    1.05774    0.43733
4647    262325    4    2015 11 23 0 17 42    0.652436    1.05681    0.437021
4647    262325    5    2015 11 23 0 18 6    0.651787    1.05494    0.436404
4647    262325    6    2015 11 23 0 18 29    0.650488    1.05122    0.435173
4647    262325    7    2015 11 23 0 18 52    0.650812    1.05215    0.435481
4647    262325    8    2015 11 23 0 19 16    0.650488    1.05122    0.435173
4647    262325    9    2015 11 23 0 19 39    0.649838    1.04936    0.434558
4647    262325    10    2015 11 23 0 20 2    0.649838    1.04936    0.434558
4647    262325    11    2015 11 23 0 20 26    0.648864    1.04658    0.433637
4647    262325    12    2015 11 23 0 20 49    0.648539    1.04566    0.43333
4647    262325    13    2015 11 23 0 21 12    0.649513    1.04843    0.434251
4647    262325    14    2015 11 23 0 21 36    0.648864    1.04658    0.433637
4647    262325    15    2015 11 23 0 21 59    0.648864    1.04658    0.433637
4647    262325    16    2015 11 23 0 22 22    0.648539    1.04566    0.43333
4647    262325    17    2015 11 23 0 22 46    0.64789    1.04381    0.432717
4647    262325    18    2015 11 23 0 23 9    0.64789    1.04381    0.432717
4647    262325    19    2015 11 23 0 23 32    0.64789    1.04381    0.432717
4647    262325    20    2015 11 23 0 23 55    0.646915    1.04105    0.431799
4647    262325    21    2015 11 23 0 24 19    0.64724    1.04197    0.432105
4647    262325    22    2015 11 23 0 24 42    0.646591    1.04013    0.431493
4647    262325    23    2015 11 23 0 25 5    0.645941    1.03829    0.430882
4647    262325    24    2015 11 23 0 25 29    0.646266    1.03921    0.431188
4647    262325    25    2015 11 23 0 25 52    0.645941    1.03829    0.430882
4647    262325    26    2015 11 23 0 26 15    0.645292    1.03646    0.430272
4647    262325    27    2015 11 23 0 26 39    0.644967    1.03554    0.429967
4647    262325    28    2015 11 23 0 27 2    0.644967    1.03554    0.429967
4647    262325    29    2015 11 23 0 27 25    0.644967    1.03554    0.429967
4647    262325    30    2015 11 23 0 27 49    0.644967    1.03554    0.429967
4647    262325    31    2015 11 23 0 28 12    0.644642    1.03463    0.429662
4647    262325    32    2015 11 23 0 28 35    0.644317    1.03372    0.429357
4647    262325    33    2015 11 23 0 28 58    0.644642    1.03463    0.429662
4647    262325    34    2015 11 23 0 29 22    0.643668    1.03189    0.428748
4647    262325    35    2015 11 23 0 29 45    0.643343    1.03098    0.428444
4647    262325    36    2015 11 23 0 30 8    0.643018    1.03007    0.42814
4647    262325    37    2015 11 23 0 30 32    0.643018    1.03007    0.42814
4647    262325    38    2015 11 23 0 30 55    0.642693    1.02916    0.427836
4647    262325    39    2015 11 23 0 31 18    0.642693    1.02916    0.427836
4647    262325    40    2015 11 23 0 31 42    0.642369    1.02825    0.427532
4647    262325    41    2015 11 23 0 32 5    0.642044    1.02734    0.427229
4647    262325    42    2015 11 23 0 32 28    0.642044    1.02734    0.427229
4647    262325    43    2015 11 23 0 32 52    0.64107    1.02463    0.426319
4647    262325    44    2015 11 23 0 33 15    0.641719    1.02644    0.426925
4647    262325    45    2015 11 23 0 33 38    0.64107    1.02463    0.426319
4647    262325    46    2015 11 23 0 34 2    0.64107    1.02463    0.426319
4647    262325    47    2015 11 23 0 34 25    0.64042    1.02282    0.425713
4647    262325    48    2015 11 23 0 34 48    0.64042    1.02282    0.425713
4647    262325    49    2015 11 23 0 35 11    0.64042    1.02282    0.425713
4647    262325    50    2015 11 23 0 35 35    0.639446    1.02011    0.424805
4647    262325    51    2015 11 23 0 35 58    0.639446    1.02011    0.424805
4647    262325    52    2015 11 23 0 36 21    0.639446    1.02011    0.424805
4647    262325    53    2015 11 23 0 36 45    0.638796    1.01831    0.424201
4647    262325    54    2015 11 23 0 37 8    0.638796    1.01831    0.424201
4647    262325    55    2015 11 23 0 37 31    0.638472    1.01741    0.423899
4647    262325    56    2015 11 23 0 37 55    0.638472    1.01741    0.423899
4647    262325    57    2015 11 23 0 38 18    0.638147    1.01652    0.423597
4647    262325    58    2015 11 23 0 38 41    0.637822    1.01562    0.423295
4647    262325    59    2015 11 23 0 39 5    0.637822    1.01562    0.423295
4647    262325    60    2015 11 23 0 39 28    0.637172    1.01383    0.422692
4647    262325    61    2015 11 23 0 39 51    0.637497    1.01472    0.422994
4647    262325    62    2015 11 23 0 40 14    0.637172    1.01383    0.422692
4647    262325    63    2015 11 23 0 40 38    0.637172    1.01383    0.422692
4647    262325    64    2015 11 23 0 41 1    0.636523    1.01204    0.42209
4647    262325    65    2015 11 23 0 41 24    0.636198    1.01115    0.421789
4647    262325    66    2015 11 23 0 41 48    0.636198    1.01115    0.421789
4647    262325    67    2015 11 23 0 42 11    0.636198    1.01115    0.421789
4647    262325    68    2015 11 23 0 42 34    0.635873    1.01025    0.421488
4647    262325    69    2015 11 23 0 42 58    0.635224    1.00847    0.420887
4647    262325    70    2015 11 23 0 43 21    0.635224    1.00847    0.420887
4647    262325    71    2015 11 23 0 43 44    0.634899    1.00758    0.420587
4647    262325    72    2015 11 23 0 44 8    0.634574    1.00669    0.420287
4647    262325    73    2015 11 23 0 44 31    0.634574    1.00669    0.420287
4647    262325    74    2015 11 23 0 44 54    0.633925    1.00492    0.419687
4647    262325    75    2015 11 23 0 45 18    0.633925    1.00492    0.419687
4647    262325    76    2015 11 23 0 45 41    0.633925    1.00492    0.419687
4647    262325    77    2015 11 23 0 46 4    0.6336    1.00403    0.419387
4647    262325    78    2015 11 23 0 46 27    0.6336    1.00403    0.419387
4647    262325    79    2015 11 23 0 46 51    0.6336    1.00403    0.419387
4647    262325    80    2015 11 23 0 47 14    0.632626    1.00137    0.418489
4647    262325    81    2015 11 23 0 47 37    0.632951    1.00226    0.418788
4647    262325    82    2015 11 23 0 48 1    0.632951    1.00226    0.418788
4647    262325    83    2015 11 23 0 48 24    0.632626    1.00137    0.418489
4647    262325    84    2015 11 23 0 48 47    0.632301    1.00049    0.418189
4647    262325    85    2015 11 23 0 49 11    0.632301    1.00049    0.418189
4647    262325    86    2015 11 23 0 49 34    0.631652    0.998726    0.417592
4647    262325    87    2015 11 23 0 49 57    0.631652    0.998726    0.417592
4647    262325    88    2015 11 23 0 50 21    0.631327    0.997845    0.417293
4647    262325    89    2015 11 23 0 50 44    0.631002    0.996964    0.416994
4647    262325    90    2015 11 23 0 51 7    0.630677    0.996084    0.416696
4647    262325    91    2015 11 23 0 51 30    0.630677    0.996084    0.416696
4647    262325    92    2015 11 23 0 51 54    0.630677    0.996084    0.416696
4647    262325    93    2015 11 23 0 52 17    0.630352    0.995205    0.416398
4647    262325    94    2015 11 23 0 52 40    0.630677    0.996084    0.416696
4647    262325    95    2015 11 23 0 53 4    0.630352    0.995205    0.416398
4647    262325    96    2015 11 23 0 53 27    0.630028    0.994327    0.416099
4647    262325    97    2015 11 23 0 53 50    0.629703    0.99345    0.415802
4647    262325    98    2015 11 23 0 54 14    0.629703    0.99345    0.415802
4647    262325    99    2015 11 23 0 54 37    0.629378    0.992573    0.415504
4647    262325    100    2015 11 23 0 55 0    0.629378    0.992573    0.415504
4647    262325    101    2015 11 23 0 55 24    0.629053    0.991697    0.415206
4647    262325    102    2015 11 23 0 55 47    0.628729    0.990822    0.414908
4647    262325    103    2015 11 23 0 56 10    0.628079    0.989074    0.414314
4647    262325    104    2015 11 23 0 56 34    0.628404    0.989948    0.414611
4647    262325    105    2015 11 23 0 56 57    0.628079    0.989074    0.414314
4647    262325    106    2015 11 23 0 57 20    0.627754    0.988201    0.414017
4647    262325    107    2015 11 23 0 57 43    0.62743    0.987329    0.41372
4647    262325    108    2015 11 23 0 58 7    0.62743    0.987329    0.41372
4647    262325    109    2015 11 23 0 58 30    0.62743    0.987329    0.41372
4647    262325    110    2015 11 23 0 58 53    0.627105    0.986458    0.413423
4647    262325    111    2015 11 23 0 59 17    0.62743    0.987329    0.41372
4647    262325    112    2015 11 23 0 59 40    0.62678    0.985587    0.413126
4647    262325    113    2015 11 23 1 0 3    0.62678    0.985587    0.413126
4647    262325    114    2015 11 23 1 0 27    0.626131    0.983849    0.412533
4647    262325    115    2015 11 23 1 0 50    0.626455    0.984718    0.41283
4647    262325    116    2015 11 23 1 1 13    0.625806    0.98298    0.412237
4647    262325    117    2015 11 23 1 1 37    0.625806    0.98298    0.412237
4647    262325    118    2015 11 23 1 2 0    0.625806    0.98298    0.412237
4647    262325    119    2015 11 23 1 2 23    0.625806    0.98298    0.412237
4647    262325    120    2015 11 23 1 2 46    0.624832    0.98038    0.411349
4647    262325    121    2015 11 23 1 3 10    0.625156    0.981246    0.411645
4647    262325    122    2015 11 23 1 3 33    0.624507    0.979515    0.411053
4647    262325    123    2015 11 23 1 3 56    0.624507    0.979515    0.411053
4647    262325    124    2015 11 23 1 4 20    0.624182    0.97865    0.410758
4647    262325    125    2015 11 23 1 4 43    0.624182    0.97865    0.410758
4647    262325    126    2015 11 23 1 5 6    0.623857    0.977787    0.410462
4647    262325    127    2015 11 23 1 5 30    0.623857    0.977787    0.410462
4647    262325    128    2015 11 23 1 5 53    0.623857    0.977787    0.410462
4647    262325    129    2015 11 23 1 6 16    0.623208    0.976061    0.409872
4647    262325    130    2015 11 23 1 6 40    0.623532    0.976923    0.410167
4647    262325    131    2015 11 23 1 7 3    0.623208    0.976061    0.409872
4647    262325    132    2015 11 23 1 7 26    0.623208    0.976061    0.409872
4647    262325    133    2015 11 23 1 7 50    0.622883    0.9752    0.409577
4647    262325    134    2015 11 23 1 8 13    0.622558    0.974339    0.409282
4647    262325    135    2015 11 23 1 8 36    0.622558    0.974339    0.409282
4647    262325    136    2015 11 23 1 8 59    0.622233    0.973479    0.408987
4647    262325    137    2015 11 23 1 9 23    0.622233    0.973479    0.408987
4647    262325    138    2015 11 23 1 9 46    0.621909    0.972619    0.408693
4647    262325    139    2015 11 23 1 10 9    0.621909    0.972619    0.408693
4647    262325    140    2015 11 23 1 10 33    0.621259    0.970903    0.408104
4647    262325    141    2015 11 23 1 10 56    0.621259    0.970903    0.408104
4647    262325    142    2015 11 23 1 11 19    0.620934    0.970046    0.40781
4647    262325    143    2015 11 23 1 11 43    0.620934    0.970046    0.40781
4647    262325    144    2015 11 23 1 12 6    0.620934    0.970046    0.40781
4647    262325    145    2015 11 23 1 12 29    0.62061    0.96919    0.407516
4647    262325    146    2015 11 23 1 12 53    0.62061    0.96919    0.407516
4647    262325    147    2015 11 23 1 13 16    0.61996    0.967479    0.406929
4647    262325    148    2015 11 23 1 13 39    0.620285    0.968334    0.407222
4647    262325    149    2015 11 23 1 14 2    0.619635    0.966625    0.406635
4647    262325    150    2015 11 23 1 14 26    0.619635    0.966625    0.406635
4647    262325    151    2015 11 23 1 14 49    0.619635    0.966625    0.406635
4647    262325    152    2015 11 23 1 15 12    0.618986    0.964919    0.406048
4647    262325    153    2015 11 23 1 15 36    0.619311    0.965771    0.406342
4647    262325    154    2015 11 23 1 15 59    0.618661    0.964067    0.405755
4647    262325    155    2015 11 23 1 16 22    0.618661    0.964067    0.405755
4647    262325    156    2015 11 23 1 16 46    0.618661    0.964067    0.405755
4647    262325    157    2015 11 23 1 17 9    0.618012    0.962365    0.405169
4647    262325    158    2015 11 23 1 17 32    0.617362    0.960666    0.404584
4647    262325    159    2015 11 23 1 17 56    0.618336    0.963215    0.405462
4647    262325    160    2015 11 23 1 18 19    0.617687    0.961515    0.404876
4647    262325    161    2015 11 23 1 18 42    0.617362    0.960666    0.404584
4647    262325    162    2015 11 23 1 19 6    0.617362    0.960666    0.404584
4647    262325    163    2015 11 23 1 19 29    0.617362    0.960666    0.404584
4647    262325    164    2015 11 23 1 19 52    0.616713    0.958972    0.404
4647    262325    165    2015 11 23 1 20 15    0.617037    0.959818    0.404291
4647    262325    166    2015 11 23 1 20 39    0.616713    0.958972    0.404
4647    262325    167    2015 11 23 1 21 2    0.616713    0.958972    0.404
4647    262325    168    2015 11 23 1 21 25    0.616064    0.957279    0.403416
4647    262325    169    2015 11 23 1 21 49    0.616064    0.957279    0.403416
4647    262325    170    2015 11 23 1 22 12    0.616064    0.957279    0.403416
4647    262325    171    2015 11 23 1 22 35    0.615739    0.956433    0.403124
4647    262325    172    2015 11 23 1 22 59    0.615739    0.956433    0.403124
4647    262325    173    2015 11 23 1 23 22    0.615414    0.955588    0.402832
4647    262325    174    2015 11 23 1 23 45    0.615414    0.955588    0.402832
4647    262325    175    2015 11 23 1 24 9    0.615089    0.954744    0.40254
4647    262325    176    2015 11 23 1 24 32    0.615089    0.954744    0.40254
4647    262325    177    2015 11 23 1 24 55    0.614765    0.953901    0.402249
4647    262325    178    2015 11 23 1 25 18    0.614765    0.953901    0.402249
4647    262325    179    2015 11 23 1 25 42    0.61444    0.953058    0.401957
4647    262325    180    2015 11 23 1 26 5    0.614115    0.952216    0.401666
4647    262325    181    2015 11 23 1 26 28    0.614115    0.952216    0.401666
4647    262325    182    2015 11 23 1 26 52    0.613466    0.950534    0.401084
4647    262325    183    2015 11 23 1 27 15    0.613466    0.950534    0.401084
4647    262325    184    2015 11 23 1 27 38    0.613466    0.950534    0.401084
4647    262325    185    2015 11 23 1 28 2    0.613141    0.949695    0.400793
4647    262325    186    2015 11 23 1 28 25    0.613141    0.949695    0.400793
4647    262325    187    2015 11 23 1 28 48    0.613141    0.949695    0.400793
4647    262325    188    2015 11 23 1 29 12    0.612491    0.948017    0.400212
4647    262325    189    2015 11 23 1 29 35    0.612816    0.948855    0.400503
4647    262325    190    2015 11 23 1 29 58    0.612167    0.947179    0.399922
4647    262325    191    2015 11 23 1 30 22    0.612491    0.948017    0.400212
4647    262325    192    2015 11 23 1 30 45    0.611842    0.946342    0.399632
4647    262325    193    2015 11 23 1 31 8    0.611842    0.946342    0.399632
4647    262325    194    2015 11 23 1 31 31    0.611842    0.946342    0.399632
4647    262325    195    2015 11 23 1 31 55    0.611517    0.945506    0.399341
4647    262325    196    2015 11 23 1 32 18    0.611517    0.945506    0.399341
4647    262325    197    2015 11 23 1 32 41    0.611192    0.94467    0.399051
4647    262325    198    2015 11 23 1 33 5    0.610868    0.943835    0.398762
4647    262325    199    2015 11 23 1 33 28    0.610868    0.943835    0.398762
4647    262325    200    2015 11 23 1 33 51    0.610218    0.942168    0.398182
4647    262325    201    2015 11 23 1 34 15    0.610218    0.942168    0.398182
4647    262325    202    2015 11 23 1 34 38    0.610218    0.942168    0.398182
4647    262325    203    2015 11 23 1 35 1    0.609893    0.941335    0.397893
4647    262325    204    2015 11 23 1 35 25    0.609893    0.941335    0.397893
4647    262325    205    2015 11 23 1 35 48    0.609893    0.941335    0.397893
4647    262325    206    2015 11 23 1 36 11    0.609568    0.940503    0.397604
4647    262325    207    2015 11 23 1 36 35    0.609244    0.939671    0.397314
4647    262325    208    2015 11 23 1 36 58    0.609244    0.939671    0.397314
4647    262325    209    2015 11 23 1 37 21    0.609244    0.939671    0.397314
4647    262325    210    2015 11 23 1 37 44    0.608919    0.93884    0.397025
4647    262325    211    2015 11 23 1 38 8    0.608269    0.937181    0.396448
4647    262325    212    2015 11 23 1 38 31    0.608594    0.93801    0.396736
4647    262325    213    2015 11 23 1 38 54    0.608269    0.937181    0.396448
4647    262325    214    2015 11 23 1 39 18    0.607945    0.936352    0.396159
4647    262325    215    2015 11 23 1 39 41    0.60762    0.935524    0.39587
4647    262325    216    2015 11 23 1 40 4    0.607295    0.934697    0.395582
4647    262325    217    2015 11 23 1 40 28    0.60762    0.935524    0.39587
4647    262325    218    2015 11 23 1 40 51    0.607295    0.934697    0.395582
4647    262325    219    2015 11 23 1 41 14    0.607295    0.934697    0.395582
4647    262325    220    2015 11 23 1 41 38    0.60697    0.93387    0.395294
4647    262325    221    2015 11 23 1 42 1    0.607295    0.934697    0.395582
4647    262325    222    2015 11 23 1 42 24    0.606646    0.933044    0.395006
4647    262325    223    2015 11 23 1 42 47    0.60697    0.93387    0.395294
4647    262325    224    2015 11 23 1 43 11    0.606321    0.932219    0.394718
4647    262325    225    2015 11 23 1 43 34    0.606321    0.932219    0.394718
4647    262325    226    2015 11 23 1 43 57    0.606321    0.932219    0.394718
4647    262325    227    2015 11 23 1 44 21    0.605671    0.930571    0.394142
4647    262325    228    2015 11 23 1 44 44    0.605996    0.931394    0.39443
4647    262325    229    2015 11 23 1 45 7    0.605347    0.929747    0.393855
4647    262325    230    2015 11 23 1 45 31    0.605347    0.929747    0.393855
4647    262325    231    2015 11 23 1 45 54    0.605347    0.929747    0.393855
4647    262325    232    2015 11 23 1 46 17    0.604372    0.927282    0.392993
4647    262325    233    2015 11 23 1 46 41    0.604372    0.927282    0.392993
4647    262325    234    2015 11 23 1 47 4    0.604697    0.928103    0.39328
4647    262325    235    2015 11 23 1 47 27    0.604372    0.927282    0.392993
4647    262325    236    2015 11 23 1 47 51    0.604372    0.927282    0.392993
4647    262325    237    2015 11 23 1 48 14    0.604372    0.927282    0.392993
4647    262325    238    2015 11 23 1 48 37    0.603723    0.925641    0.392419
4647    262325    239    2015 11 23 1 49 0    0.604048    0.926461    0.392706
4647    262325    240    2015 11 23 1 49 24    0.603723    0.925641    0.392419
4647    262325    241    2015 11 23 1 49 47    0.603723    0.925641    0.392419
4647    262325    242    2015 11 23 1 50 10    0.603398    0.924822    0.392132
4647    262325    243    2015 11 23 1 50 34    0.603073    0.924003    0.391845
4647    262325    244    2015 11 23 1 50 57    0.603073    0.924003    0.391845
4647    262325    245    2015 11 23 1 51 20    0.602748    0.923186    0.391559
4647    262325    246    2015 11 23 1 51 44    0.602748    0.923186    0.391559
4647    262325    247    2015 11 23 1 52 7    0.602424    0.922368    0.391273
4647    262325    248    2015 11 23 1 52 30    0.602099    0.921552    0.390986
4647    262325    249    2015 11 23 1 52 54    0.602099    0.921552    0.390986
4647    262325    250    2015 11 23 1 53 17    0.601774    0.920736    0.3907
4647    262325    251    2015 11 23 1 53 40    0.601774    0.920736    0.3907
4647    262325    252    2015 11 23 1 54 3    0.601774    0.920736    0.3907
4647    262325    253    2015 11 23 1 54 27    0.601449    0.919921    0.390414
4647    262325    254    2015 11 23 1 54 50    0.601449    0.919921    0.390414
4647    262325    255    2015 11 23 1 55 13    0.601125    0.919106    0.390128
4647    262325    256    2015 11 23 1 55 37    0.6008    0.918292    0.389843
4647    262325    257    2015 11 23 1 56 0    0.6008    0.918292    0.389843
4647    262325    258    2015 11 23 1 56 23    0.600475    0.917479    0.389557
4647    262325    259    2015 11 23 1 56 47    0.60015    0.916667    0.389272
4647    262325    260    2015 11 23 1 57 10    0.60015    0.916667    0.389272
4647    262325    261    2015 11 23 1 57 33    0.60015    0.916667    0.389272
4647    262325    262    2015 11 23 1 57 57    0.60015    0.916667    0.389272
4647    262325    263    2015 11 23 1 58 20    0.599501    0.915044    0.388701
4647    262325    264    2015 11 23 1 58 43    0.599501    0.915044    0.388701
4647    262325    265    2015 11 23 1 59 7    0.599176    0.914233    0.388416
4647    262325    266    2015 11 23 1 59 30    0.599176    0.914233    0.388416
4647    262325    267    2015 11 23 1 59 53    0.598851    0.913423    0.388131
4647    262325    268    2015 11 23 2 0 16    0.599176    0.914233    0.388416
4647    262325    269    2015 11 23 2 0 40    0.598527    0.912614    0.387846
4647    262325    270    2015 11 23 2 1 3    0.598527    0.912614    0.387846
4647    262325    271    2015 11 23 2 1 26    0.598527    0.912614    0.387846
4647    262325    272    2015 11 23 2 1 50    0.598202    0.911805    0.387562
4647    262325    273    2015 11 23 2 2 13    0.598202    0.911805    0.387562
4647    262325    274    2015 11 23 2 2 36    0.597877    0.910997    0.387277
4647    262325    275    2015 11 23 2 3 0    0.597552    0.91019    0.386993
4647    262325    276    2015 11 23 2 3 23    0.597877    0.910997    0.387277
4647    262325    277    2015 11 23 2 3 46    0.597228    0.909383    0.386708
4647    262325    278    2015 11 23 2 4 10    0.597552    0.91019    0.386993
4647    262325    279    2015 11 23 2 4 33    0.596903    0.908577    0.386424
4647    262325    280    2015 11 23 2 4 56    0.597228    0.909383    0.386708
4647    262325    281    2015 11 23 2 5 19    0.596578    0.907772    0.38614
4647    262325    282    2015 11 23 2 5 43    0.596253    0.906967    0.385856
4647    262325    283    2015 11 23 2 6 6    0.596253    0.906967    0.385856
4647    262325    284    2015 11 23 2 6 29    0.595928    0.906163    0.385573
4647    262325    285    2015 11 23 2 6 53    0.596253    0.906967    0.385856
4647    262325    286    2015 11 23 2 7 16    0.595928    0.906163    0.385573
4647    262325    287    2015 11 23 2 7 39    0.595604    0.90536    0.385289
4647    262325    288    2015 11 23 2 8 3    0.595604    0.90536    0.385289
4647    262325    289    2015 11 23 2 8 26    0.595279    0.904557    0.385005
4647    262325    290    2015 11 23 2 8 49    0.595279    0.904557    0.385005
4647    262325    291    2015 11 23 2 9 13    0.595279    0.904557    0.385005
4647    262325    292    2015 11 23 2 9 36    0.594954    0.903755    0.384722
4647    262325    293    2015 11 23 2 9 59    0.594629    0.902954    0.384439
4647    262325    294    2015 11 23 2 10 23    0.594629    0.902954    0.384439
4647    262325    295    2015 11 23 2 10 46    0.594305    0.902153    0.384156
4647    262325    296    2015 11 23 2 11 9    0.594305    0.902153    0.384156
4647    262325    297    2015 11 23 2 11 32    0.59398    0.901353    0.383873
4647    262325    298    2015 11 23 2 11 56    0.59398    0.901353    0.383873
4647    262325    299    2015 11 23 2 12 19    0.593655    0.900553    0.38359
4647    262325    300    2015 11 23 2 12 42    0.59333    0.899754    0.383307
4647    262325    301    2015 11 23 2 13 6    0.593655    0.900553    0.38359
4647    262325    302    2015 11 23 2 13 29    0.593006    0.898956    0.383024
4647    262325    303    2015 11 23 2 13 52    0.59333    0.899754    0.383307
4647    262325    304    2015 11 23 2 14 16    0.592681    0.898158    0.382742
4647    262325    305    2015 11 23 2 14 39    0.592681    0.898158    0.382742
4647    262325    306    2015 11 23 2 15 2    0.592356    0.897361    0.38246
4647    262325    307    2015 11 23 2 15 26    0.592356    0.897361    0.38246
4647    262325    308    2015 11 23 2 15 49    0.592031    0.896565    0.382177
4647    262325    309    2015 11 23 2 16 12    0.592356    0.897361    0.38246
4647    262325    310    2015 11 23 2 16 35    0.591707    0.895769    0.381895
4647    262325    311    2015 11 23 2 16 59    0.592031    0.896565    0.382177
4647    262325    312    2015 11 23 2 17 22    0.590732    0.893386    0.38105
4647    262325    313    2015 11 23 2 17 45    0.591382    0.894974    0.381613
4647    262325    314    2015 11 23 2 18 9    0.591382    0.894974    0.381613
4647    262325    315    2015 11 23 2 18 32    0.591057    0.89418    0.381331
4647    262325    316    2015 11 23 2 18 55    0.590732    0.893386    0.38105
4647    262325    317    2015 11 23 2 19 19    0.591057    0.89418    0.381331
4647    262325    318    2015 11 23 2 19 42    0.590408    0.892593    0.380768
4647    262325    319    2015 11 23 2 20 5    0.590408    0.892593    0.380768
4647    262325    320    2015 11 23 2 20 29    0.590083    0.8918    0.380487
4647    262325    321    2015 11 23 2 20 52    0.590083    0.8918    0.380487
4647    262325    322    2015 11 23 2 21 15    0.589758    0.891008    0.380205
4647    262325    323    2015 11 23 2 21 39    0.589758    0.891008    0.380205
4647    262325    324    2015 11 23 2 22 2    0.589758    0.891008    0.380205
4647    262325    325    2015 11 23 2 22 25    0.589433    0.890217    0.379924
4647    262325    326    2015 11 23 2 22 48    0.589108    0.889426    0.379643
4647    262325    327    2015 11 23 2 23 12    0.589108    0.889426    0.379643
4647    262325    328    2015 11 23 2 23 35    0.589108    0.889426    0.379643
4647    262325    329    2015 11 23 2 23 58    0.588459    0.887846    0.379081
4647    262325    330    2015 11 23 2 24 22    0.588784    0.888636    0.379362
4647    262325    331    2015 11 23 2 24 45    0.588459    0.887846    0.379081
4647    262325    332    2015 11 23 2 25 8    0.588459    0.887846    0.379081
4647    262325    333    2015 11 23 2 25 32    0.588134    0.887058    0.3788
4647    262325    334    2015 11 23 2 25 55    0.588134    0.887058    0.3788
4647    262325    335    2015 11 23 2 26 18    0.587809    0.886269    0.37852
4647    262325    336    2015 11 23 2 26 42    0.587485    0.885482    0.378239
4647    262325    337    2015 11 23 2 27 5    0.587485    0.885482    0.378239
4647    262325    338    2015 11 23 2 27 28    0.58716    0.884695    0.377959
4647    262325    339    2015 11 23 2 27 51    0.586835    0.883909    0.377679
4647    262325    340    2015 11 23 2 28 15    0.58716    0.884695    0.377959
4647    262325    341    2015 11 23 2 28 38    0.586835    0.883909    0.377679
4647    262325    342    2015 11 23 2 29 1    0.58651    0.883123    0.377399
4647    262325    343    2015 11 23 2 29 25    0.58651    0.883123    0.377399
4647    262325    344    2015 11 23 2 29 48    0.58651    0.883123    0.377399
4647    262325    345    2015 11 23 2 30 11    0.585861    0.881553    0.376839
4647    262325    346    2015 11 23 2 30 35    0.586186    0.882338    0.377119
4647    262325    347    2015 11 23 2 30 58    0.585861    0.881553    0.376839
4647    262325    348    2015 11 23 2 31 21    0.585861    0.881553    0.376839
4647    262325    349    2015 11 23 2 31 45    0.585536    0.880769    0.376559
4647    262325    350    2015 11 23 2 32 8    0.585536    0.880769    0.376559
4647    262325    351    2015 11 23 2 32 31    0.585211    0.879986    0.37628
4647    262325    352    2015 11 23 2 32 55    0.584887    0.879203    0.376
4647    262325    353    2015 11 23 2 33 18    0.584887    0.879203    0.376
4647    262325    354    2015 11 23 2 33 41    0.584562    0.878421    0.375721
4647    262325    355    2015 11 23 2 34 4    0.584562    0.878421    0.375721
4647    262325    356    2015 11 23 2 34 28    0.584237    0.87764    0.375442
4647    262325    357    2015 11 23 2 34 51    0.583912    0.876859    0.375162
4647    262325    358    2015 11 23 2 35 14    0.583912    0.876859    0.375162
4647    262325    359    2015 11 23 2 35 38    0.583912    0.876859    0.375162
4647    262325    360    2015 11 23 2 36 1    0.583912    0.876859    0.375162
4647    262325    361    2015 11 23 2 36 24    0.583263    0.875299    0.374605
4647    262325    362    2015 11 23 2 36 48    0.583588    0.876079    0.374883
4647    262325    363    2015 11 23 2 37 11    0.583263    0.875299    0.374605
4647    262325    364    2015 11 23 2 37 34    0.582938    0.87452    0.374326
4647    262325    365    2015 11 23 2 37 58    0.582938    0.87452    0.374326
4647    262325    366    2015 11 23 2 38 21    0.582938    0.87452    0.374326
4647    262325    367    2015 11 23 2 38 44    0.582613    0.873742    0.374047
4647    262325    368    2015 11 23 2 39 7    0.582613    0.873742    0.374047
4647    262325    369    2015 11 23 2 39 31    0.582288    0.872964    0.373769
4647    262325    370    2015 11 23 2 39 54    0.581964    0.872187    0.37349
4647    262325    371    2015 11 23 2 40 17    0.581964    0.872187    0.37349
4647    262325    372    2015 11 23 2 40 41    0.581964    0.872187    0.37349
4647    262325    373    2015 11 23 2 41 4    0.581314    0.870634    0.372934
4647    262325    374    2015 11 23 2 41 27    0.581314    0.870634    0.372934
4647    262325    375    2015 11 23 2 41 51    0.581314    0.870634    0.372934
4647    262325    376    2015 11 23 2 42 14    0.580989    0.869859    0.372656
4647    262325    377    2015 11 23 2 42 37    0.580989    0.869859    0.372656
4647    262325    378    2015 11 23 2 43 1    0.580989    0.869859    0.372656
4647    262325    379    2015 11 23 2 43 24    0.580989    0.869859    0.372656
4647    262325    380    2015 11 23 2 43 47    0.58034    0.86831    0.3721
4647    262325    381    2015 11 23 2 44 11    0.58034    0.86831    0.3721
4647    262325    382    2015 11 23 2 44 34    0.58034    0.86831    0.3721
4647    262325    383    2015 11 23 2 44 57    0.58034    0.86831    0.3721
4647    262325    384    2015 11 23 2 45 20    0.580015    0.867537    0.371823
4647    262325    385    2015 11 23 2 45 44    0.57969    0.866764    0.371545
4647    262325    386    2015 11 23 2 46 7    0.57969    0.866764    0.371545
4647    262325    387    2015 11 23 2 46 30    0.579366    0.865991    0.371268
4647    262325    388    2015 11 23 2 46 54    0.579366    0.865991    0.371268
4647    262325    389    2015 11 23 2 47 17    0.579041    0.865219    0.370991
4647    262325    390    2015 11 23 2 47 40    0.578391    0.863678    0.370437
4647    262325    391    2015 11 23 2 48 4    0.578716    0.864448    0.370714
4647    262325    392    2015 11 23 2 48 27    0.578716    0.864448    0.370714
4647    262325    393    2015 11 23 2 48 50    0.578391    0.863678    0.370437
4647    262325    394    2015 11 23 2 49 14    0.578716    0.864448    0.370714
4647    262325    395    2015 11 23 2 49 37    0.578067    0.862908    0.37016
4647    262325    396    2015 11 23 2 50 0    0.578067    0.862908    0.37016
4647    262325    397    2015 11 23 2 50 23    0.577742    0.862138    0.369883
4647    262325    398    2015 11 23 2 50 47    0.577417    0.861369    0.369606
4647    262325    399    2015 11 23 2 51 10    0.577742    0.862138    0.369883
4647    262325    400    2015 11 23 2 51 33    0.577417    0.861369    0.369606
4647    262325    401    2015 11 23 2 51 57    0.577417    0.861369    0.369606
4647    262325    402    2015 11 23 2 52 20    0.577092    0.860601    0.36933
4647    262325    403    2015 11 23 2 52 43    0.576767    0.859834    0.369053
4647    262325    404    2015 11 23 2 53 7    0.576767    0.859834    0.369053
4647    262325    405    2015 11 23 2 53 30    0.576767    0.859834    0.369053
4647    262325    406    2015 11 23 2 53 53    0.576443    0.859067    0.368777
4647    262325    407    2015 11 23 2 54 17    0.576443    0.859067    0.368777
4647    262325    408    2015 11 23 2 54 40    0.576118    0.8583    0.368501
4647    262325    409    2015 11 23 2 55 3    0.576118    0.8583    0.368501
4647    262325    410    2015 11 23 2 55 27    0.575793    0.857534    0.368225
4647    262325    411    2015 11 23 2 55 50    0.575793    0.857534    0.368225
4647    262325    412    2015 11 23 2 56 13    0.575144    0.856004    0.367673
4647    262325    413    2015 11 23 2 56 36    0.575468    0.856769    0.367949
4647    262325    414    2015 11 23 2 57 0    0.575144    0.856004    0.367673
4647    262325    415    2015 11 23 2 57 23    0.574819    0.85524    0.367397
4647    262325    416    2015 11 23 2 57 46    0.574819    0.85524    0.367397
4647    262325    417    2015 11 23 2 58 10    0.574494    0.854477    0.367122
4647    262325    418    2015 11 23 2 58 33    0.574494    0.854477    0.367122
4647    262325    419    2015 11 23 2 58 56    0.574494    0.854477    0.367122
4647    262325    420    2015 11 23 2 59 20    0.573845    0.852951    0.366571
4647    262325    421    2015 11 23 2 59 43    0.574169    0.853714    0.366846
4647    262325    422    2015 11 23 3 0 6    0.573845    0.852951    0.366571
4647    262325    423    2015 11 23 3 0 30    0.573845    0.852951    0.366571
4647    262325    424    2015 11 23 3 0 53    0.57352    0.85219    0.366296
4647    262325    425    2015 11 23 3 1 16    0.57352    0.85219    0.366296
4647    262325    426    2015 11 23 3 1 39    0.573195    0.851428    0.366021
4647    262325    427    2015 11 23 3 2 3    0.573195    0.851428    0.366021
4647    262325    428    2015 11 23 3 2 26    0.57287    0.850668    0.365746
4647    262325    429    2015 11 23 3 2 49    0.572546    0.849908    0.365471
4647    262325    430    2015 11 23 3 3 13    0.572546    0.849908    0.365471
4647    262325    431    2015 11 23 3 3 36    0.572546    0.849908    0.365471
4647    262325    432    2015 11 23 3 3 59    0.572221    0.849148    0.365196
4647    262325    433    2015 11 23 3 4 23    0.572221    0.849148    0.365196
4647    262325    434    2015 11 23 3 4 46    0.571571    0.847631    0.364647
4647    262325    435    2015 11 23 3 5 9    0.571896    0.848389    0.364922
4647    262325    436    2015 11 23 3 5 33    0.571571    0.847631    0.364647
4647    262325    437    2015 11 23 3 5 56    0.571247    0.846873    0.364373
4647    262325    438    2015 11 23 3 6 19    0.571571    0.847631    0.364647
4647    262325    439    2015 11 23 3 6 43    0.570923    0.846118    0.364099
4647    262325    440    2015 11 23 3 7 6    0.570923    0.846118    0.364099
4647    262325    441    2015 11 23 3 7 29    0.570598    0.845361    0.363825
4647    262325    442    2015 11 23 3 7 52    0.570598    0.845361    0.363825
4647    262325    443    2015 11 23 3 8 16    0.570598    0.845361    0.363825
4647    262325    444    2015 11 23 3 8 39    0.570273    0.844605    0.363551
4647    262325    445    2015 11 23 3 9 2    0.569948    0.84385    0.363277
4647    262325    446    2015 11 23 3 9 26    0.570273    0.844605    0.363551
4647    262325    447    2015 11 23 3 9 49    0.569623    0.843095    0.363003
4647    262325    448    2015 11 23 3 10 12    0.569948    0.84385    0.363277
4647    262325    449    2015 11 23 3 10 36    0.569623    0.843095    0.363003
4647    262325    450    2015 11 23 3 10 59    0.569299    0.842341    0.36273
4647    262325    451    2015 11 23 3 11 22    0.569299    0.842341    0.36273
4647    262325    452    2015 11 23 3 11 46    0.568974    0.841587    0.362456
4647    262325    453    2015 11 23 3 12 9    0.568974    0.841587    0.362456
4647    262325    454    2015 11 23 3 12 32    0.568649    0.840834    0.362183
4647    262325    455    2015 11 23 3 12 55    0.568324    0.840081    0.361909
4647    262325    456    2015 11 23 3 13 19    0.568324    0.840081    0.361909
4647    262325    457    2015 11 23 3 13 42    0.568324    0.840081    0.361909
4647    262325    458    2015 11 23 3 14 5    0.568    0.839329    0.361636
4647    262325    459    2015 11 23 3 14 29    0.568    0.839329    0.361636
4647    262325    460    2015 11 23 3 14 52    0.516688    0.727093    0.319874
4647    262326    1    2015 11 23 3 18 2    0.565402    0.833333    0.359455
4647    262326    2    2015 11 23 3 18 25    0.566376    0.835577    0.360272
4647    262326    3    2015 11 23 3 18 48    0.566051    0.834829    0.36
4647    262326    4    2015 11 23 3 19 12    0.566051    0.834829    0.36
4647    262326    5    2015 11 23 3 19 35    0.566051    0.834829    0.36
4647    262326    6    2015 11 23 3 19 58    0.565726    0.83408    0.359727
4647    262326    7    2015 11 23 3 20 22    0.565726    0.83408    0.359727
4647    262326    8    2015 11 23 3 20 45    0.565402    0.833333    0.359455
4647    262326    9    2015 11 23 3 21 8    0.565402    0.833333    0.359455
4647    262326    10    2015 11 23 3 21 32    0.565402    0.833333    0.359455
4647    262326    11    2015 11 23 3 21 55    0.564427    0.831094    0.358639
4647    262326    12    2015 11 23 3 22 18    0.564752    0.831839    0.358911
4647    262326    13    2015 11 23 3 22 42    0.564752    0.831839    0.358911
4647    262326    14    2015 11 23 3 23 5    0.564752    0.831839    0.358911
4647    262326    15    2015 11 23 3 23 28    0.564427    0.831094    0.358639
4647    262326    16    2015 11 23 3 23 52    0.564427    0.831094    0.358639
4647    262326    17    2015 11 23 3 24 15    0.564103    0.830348    0.358367
4647    262326    18    2015 11 23 3 24 38    0.563778    0.829603    0.358096
4647    262326    19    2015 11 23 3 25 1    0.563778    0.829603    0.358096
4647    262326    20    2015 11 23 3 25 25    0.563778    0.829603    0.358096
4647    262326    21    2015 11 23 3 25 48    0.563778    0.829603    0.358096
4647    262326    22    2015 11 23 3 26 11    0.563128    0.828116    0.357553
4647    262326    23    2015 11 23 3 26 35    0.563128    0.828116    0.357553
4647    262326    24    2015 11 23 3 26 58    0.562803    0.827373    0.357281
4647    262326    25    2015 11 23 3 27 21    0.563128    0.828116    0.357553
4647    262326    26    2015 11 23 3 27 45    0.562803    0.827373    0.357281
4647    262326    27    2015 11 23 3 28 8    0.562803    0.827373    0.357281
4647    262326    28    2015 11 23 3 28 31    0.562479    0.82663    0.35701
4647    262326    29    2015 11 23 3 28 55    0.562154    0.825888    0.356739
4647    262326    30    2015 11 23 3 29 18    0.561829    0.825146    0.356468
4647    262326    31    2015 11 23 3 29 41    0.562154    0.825888    0.356739
4647    262326    32    2015 11 23 3 30 4    0.561829    0.825146    0.356468
4647    262326    33    2015 11 23 3 30 28    0.561504    0.824406    0.356197
4647    262326    34    2015 11 23 3 30 51    0.561504    0.824406    0.356197
4647    262326    35    2015 11 23 3 31 14    0.561504    0.824406    0.356197
4647    262326    36    2015 11 23 3 31 38    0.56118    0.823665    0.355926
4647    262326    37    2015 11 23 3 32 1    0.56118    0.823665    0.355926
4647    262326    38    2015 11 23 3 32 24    0.56118    0.823665    0.355926
4647    262326    39    2015 11 23 3 32 48    0.560855    0.822925    0.355656
4647    262326    40    2015 11 23 3 33 11    0.56053    0.822186    0.355385
4647    262326    41    2015 11 23 3 33 34    0.56053    0.822186    0.355385
4647    262326    42    2015 11 23 3 33 58    0.560205    0.821447    0.355115
4647    262326    43    2015 11 23 3 34 21    0.560205    0.821447    0.355115
4647    262326    44    2015 11 23 3 34 44    0.559881    0.820709    0.354845
4647    262326    45    2015 11 23 3 35 8    0.559881    0.820709    0.354845
4647    262326    46    2015 11 23 3 35 31    0.559881    0.820709    0.354845
4647    262326    47    2015 11 23 3 35 54    0.559556    0.819972    0.354574
4647    262326    48    2015 11 23 3 36 17    0.559231    0.819235    0.354304
4647    262326    49    2015 11 23 3 36 41    0.559556    0.819972    0.354574
4647    262326    50    2015 11 23 3 37 4    0.559231    0.819235    0.354304
4647    262326    51    2015 11 23 3 37 27    0.558906    0.818498    0.354034
4647    262326    52    2015 11 23 3 37 51    0.558906    0.818498    0.354034
4647    262326    53    2015 11 23 3 38 14    0.558906    0.818498    0.354034
4647    262326    54    2015 11 23 3 38 37    0.558582    0.817762    0.353765
4647    262326    55    2015 11 23 3 39 1    0.558257    0.817027    0.353495
4647    262326    56    2015 11 23 3 39 24    0.558257    0.817027    0.353495
4647    262326    57    2015 11 23 3 39 47    0.558257    0.817027    0.353495
4647    262326    58    2015 11 23 3 40 11    0.557932    0.816292    0.353225
4647    262326    59    2015 11 23 3 40 34    0.557607    0.815557    0.352956
4647    262326    60    2015 11 23 3 40 57    0.557607    0.815557    0.352956
4647    262326    61    2015 11 23 3 41 20    0.557607    0.815557    0.352956
4647    262326    62    2015 11 23 3 41 44    0.556958    0.81409    0.352417
4647    262326    63    2015 11 23 3 42 7    0.557283    0.814823    0.352686
4647    262326    64    2015 11 23 3 42 30    0.556958    0.81409    0.352417
4647    262326    65    2015 11 23 3 42 54    0.556958    0.81409    0.352417
4647    262326    66    2015 11 23 3 43 17    0.556633    0.813357    0.352148
4647    262326    67    2015 11 23 3 43 40    0.556958    0.81409    0.352417
4647    262326    68    2015 11 23 3 44 4    0.556308    0.812625    0.351879
4647    262326    69    2015 11 23 3 44 27    0.556633    0.813357    0.352148
4647    262326    70    2015 11 23 3 44 50    0.555983    0.811894    0.35161
4647    262326    71    2015 11 23 3 45 14    0.555983    0.811894    0.35161
4647    262326    72    2015 11 23 3 45 37    0.555983    0.811894    0.35161
4647    262326    73    2015 11 23 3 46 0    0.555659    0.811162    0.351341
4647    262326    74    2015 11 23 3 46 24    0.555659    0.811162    0.351341
4647    262326    75    2015 11 23 3 46 47    0.555334    0.810432    0.351073
4647    262326    76    2015 11 23 3 47 10    0.555334    0.810432    0.351073
4647    262326    77    2015 11 23 3 47 33    0.555009    0.809702    0.350804
4647    262326    78    2015 11 23 3 47 57    0.55436    0.808243    0.350267
4647    262326    79    2015 11 23 3 48 20    0.391007    0.495948    0.22756
4647    262327    1    2015 11 23 3 51 18    0.552736    0.804606    0.348927
4647    262327    2    2015 11 23 3 51 42    0.55371    0.806787    0.349731
4647    262327    3    2015 11 23 3 52 5    0.553385    0.806059    0.349463
4647    262327    4    2015 11 23 3 52 28    0.553061    0.805332    0.349195
4647    262327    5    2015 11 23 3 52 51    0.553385    0.806059    0.349463
4647    262327    6    2015 11 23 3 53 15    0.552736    0.804606    0.348927
4647    262327    7    2015 11 23 3 53 38    0.552736    0.804606    0.348927
4647    262327    8    2015 11 23 3 54 1    0.552411    0.80388    0.348659
4647    262327    9    2015 11 23 3 54 25    0.552736    0.804606    0.348927
4647    262327    10    2015 11 23 3 54 48    0.552086    0.803155    0.348392
4647    262327    11    2015 11 23 3 55 11    0.552086    0.803155    0.348392
4647    262327    12    2015 11 23 3 55 35    0.552086    0.803155    0.348392
4647    262327    13    2015 11 23 3 55 58    0.552086    0.803155    0.348392
4647    262327    14    2015 11 23 3 56 21    0.551437    0.801706    0.347857
4647    262327    15    2015 11 23 3 56 45    0.551437    0.801706    0.347857
4647    262327    16    2015 11 23 3 57 8    0.551437    0.801706    0.347857
4647    262327    17    2015 11 23 3 57 31    0.551437    0.801706    0.347857
4647    262327    18    2015 11 23 3 57 55    0.551112    0.800982    0.34759
4647    262327    19    2015 11 23 3 58 18    0.550787    0.800259    0.347323
4647    262327    20    2015 11 23 3 58 41    0.550787    0.800259    0.347323
4647    262327    21    2015 11 23 3 59 4    0.550787    0.800259    0.347323
4647    262327    22    2015 11 23 3 59 28    0.550138    0.798814    0.346789
4647    262327    23    2015 11 23 3 59 51    0.550463    0.799536    0.347056
4647    262327    24    2015 11 23 4 0 14    0.550138    0.798814    0.346789
4647    262327    25    2015 11 23 4 0 38    0.550138    0.798814    0.346789
4647    262327    26    2015 11 23 4 1 1    0.549813    0.798092    0.346522
4647    262327    27    2015 11 23 4 1 24    0.549813    0.798092    0.346522
4647    262327    28    2015 11 23 4 1 48    0.549488    0.797371    0.346255
4647    262327    29    2015 11 23 4 2 11    0.549488    0.797371    0.346255
4647    262327    30    2015 11 23 4 2 34    0.549163    0.796651    0.345989
4647    262327    31    2015 11 23 4 2 58    0.549163    0.796651    0.345989
4647    262327    32    2015 11 23 4 3 21    0.548839    0.79593    0.345722
4647    262327    33    2015 11 23 4 3 44    0.548839    0.79593    0.345722
4647    262327    34    2015 11 23 4 4 7    0.548839    0.79593    0.345722
4647    262327    35    2015 11 23 4 4 31    0.548514    0.795211    0.345456
4647    262327    36    2015 11 23 4 4 54    0.548514    0.795211    0.345456
4647    262327    37    2015 11 23 4 5 17    0.548189    0.794492    0.34519
4647    262327    38    2015 11 23 4 5 41    0.547864    0.793773    0.344924
4647    262327    39    2015 11 23 4 6 4    0.547864    0.793773    0.344924
4647    262327    40    2015 11 23 4 6 27    0.547864    0.793773    0.344924
4647    262327    41    2015 11 23 4 6 51    0.547215    0.792338    0.344392
4647    262327    42    2015 11 23 4 7 14    0.54754    0.793055    0.344658
4647    262327    43    2015 11 23 4 7 37    0.547215    0.792338    0.344392
4647    262327    44    2015 11 23 4 8 1    0.54689    0.791621    0.344126
4647    262327    45    2015 11 23 4 8 24    0.54689    0.791621    0.344126
4647    262327    46    2015 11 23 4 8 47    0.546241    0.790188    0.343595
4647    262327    47    2015 11 23 4 9 11    0.546565    0.790904    0.34386
4647    262327    48    2015 11 23 4 9 34    0.546565    0.790904    0.34386
4647    262327    49    2015 11 23 4 9 57    0.546565    0.790904    0.34386
4647    262327    50    2015 11 23 4 10 20    0.546241    0.790188    0.343595
4647    262327    51    2015 11 23 4 10 44    0.546241    0.790188    0.343595
4647    262327    52    2015 11 23 4 11 7    0.545591    0.788758    0.343064
4647    262327    53    2015 11 23 4 11 30    0.545916    0.789473    0.343329
4647    262327    54    2015 11 23 4 11 54    0.545591    0.788758    0.343064
4647    262327    55    2015 11 23 4 12 17    0.545266    0.788043    0.342799
4647    262327    56    2015 11 23 4 12 40    0.545266    0.788043    0.342799
4647    262327    57    2015 11 23 4 13 4    0.544942    0.787329    0.342533
4647    262327    58    2015 11 23 4 13 27    0.544942    0.787329    0.342533
4647    262327    59    2015 11 23 4 13 50    0.544942    0.787329    0.342533
4647    262327    60    2015 11 23 4 14 14    0.544617    0.786616    0.342268
4647    262327    61    2015 11 23 4 14 37    0.544292    0.785903    0.342003
4647    262327    62    2015 11 23 4 15 0    0.544292    0.785903    0.342003
4647    262327    63    2015 11 23 4 15 23    0.543967    0.785191    0.341739
4647    262327    64    2015 11 23 4 15 47    0.543967    0.785191    0.341739
4647    262327    65    2015 11 23 4 16 10    0.543967    0.785191    0.341739
4647    262327    66    2015 11 23 4 16 33    0.543643    0.784479    0.341474
4647    262327    67    2015 11 23 4 16 57    0.543643    0.784479    0.341474
4647    262327    68    2015 11 23 4 17 20    0.543643    0.784479    0.341474
4647    262327    69    2015 11 23 4 17 43    0.543318    0.783767    0.341209
4647    262327    70    2015 11 23 4 18 7    0.543318    0.783767    0.341209
4647    262327    71    2015 11 23 4 18 30    0.542668    0.782346    0.34068
4647    262327    72    2015 11 23 4 18 53    0.542993    0.783057    0.340945
4647    262327    73    2015 11 23 4 19 17    0.542668    0.782346    0.34068
4647    262327    74    2015 11 23 4 19 40    0.542343    0.781636    0.340416
4647    262327    75    2015 11 23 4 20 3    0.542343    0.781636    0.340416
4647    262327    76    2015 11 23 4 20 27    0.542343    0.781636    0.340416
4647    262327    77    2015 11 23 4 20 50    0.542019    0.780927    0.340152
4647    262327    78    2015 11 23 4 21 13    0.541369    0.77951    0.339624
4647    262327    79    2015 11 23 4 21 36    0.542019    0.780927    0.340152
4647    262327    80    2015 11 23 4 22 0    0.541694    0.780218    0.339888
4647    262327    81    2015 11 23 4 22 23    0.541694    0.780218    0.339888
4647    262327    82    2015 11 23 4 22 46    0.541694    0.780218    0.339888
4647    262327    83    2015 11 23 4 23 10    0.541044    0.778802    0.33936
4647    262327    84    2015 11 23 4 23 33    0.541369    0.77951    0.339624
4647    262327    85    2015 11 23 4 23 56    0.54072    0.778095    0.339097
4647    262327    86    2015 11 23 4 24 20    0.54072    0.778095    0.339097
4647    262327    87    2015 11 23 4 24 43    0.540395    0.777388    0.338833
4647    262327    88    2015 11 23 4 25 6    0.54072    0.778095    0.339097
4647    262327    89    2015 11 23 4 25 30    0.540395    0.777388    0.338833
4647    262327    90    2015 11 23 4 25 53    0.540395    0.777388    0.338833
4647    262327    91    2015 11 23 4 26 16    0.54007    0.776681    0.338569
4647    262327    92    2015 11 23 4 26 39    0.54007    0.776681    0.338569
4647    262327    93    2015 11 23 4 27 3    0.54007    0.776681    0.338569
4647    262327    94    2015 11 23 4 27 26    0.539745    0.775975    0.338306
4647    262327    95    2015 11 23 4 27 49    0.539421    0.77527    0.338043
4647    262327    96    2015 11 23 4 28 13    0.539745    0.775975    0.338306
4647    262327    97    2015 11 23 4 28 36    0.539421    0.77527    0.338043
4647    262327    98    2015 11 23 4 28 59    0.539096    0.774565    0.33778
4647    262327    99    2015 11 23 4 29 23    0.539096    0.774565    0.33778
4647    262327    100    2015 11 23 4 29 46    0.538771    0.773861    0.337516
4647    262327    101    2015 11 23 4 30 9    0.538771    0.773861    0.337516
4647    262327    102    2015 11 23 4 30 33    0.538771    0.773861    0.337516
4647    262327    103    2015 11 23 4 30 56    0.538446    0.773157    0.337254
4647    262327    104    2015 11 23 4 31 19    0.538122    0.772454    0.336991
4647    262327    105    2015 11 23 4 31 43    0.537797    0.771751    0.336728
4647    262327    106    2015 11 23 4 32 6    0.538122    0.772454    0.336991
4647    262327    107    2015 11 23 4 32 29    0.537797    0.771751    0.336728
4647    262327    108    2015 11 23 4 32 52    0.537472    0.771048    0.336465
4647    262327    109    2015 11 23 4 33 16    0.537797    0.771751    0.336728
4647    262327    110    2015 11 23 4 33 39    0.537472    0.771048    0.336465
4647    262327    111    2015 11 23 4 34 2    0.537147    0.770346    0.336203
4647    262327    112    2015 11 23 4 34 26    0.537147    0.770346    0.336203
4647    262327    113    2015 11 23 4 34 49    0.536823    0.769645    0.33594
4647    262327    114    2015 11 23 4 35 12    0.536823    0.769645    0.33594
4647    262327    115    2015 11 23 4 35 36    0.536823    0.769645    0.33594
4647    262327    116    2015 11 23 4 35 59    0.536498    0.768944    0.335678
4647    262327    117    2015 11 23 4 36 22    0.536173    0.768244    0.335416
4647    262327    118    2015 11 23 4 36 46    0.536498    0.768944    0.335678
4647    262327    119    2015 11 23 4 37 9    0.536173    0.768244    0.335416
4647    262327    120    2015 11 23 4 37 32    0.536173    0.768244    0.335416
4647    262327    121    2015 11 23 4 37 55    0.535848    0.767544    0.335154
4647    262327    122    2015 11 23 4 38 19    0.535848    0.767544    0.335154
4647    262327    123    2015 11 23 4 38 42    0.535523    0.766844    0.334892
4647    262327    124    2015 11 23 4 39 5    0.535523    0.766844    0.334892
4647    262327    125    2015 11 23 4 39 29    0.535199    0.766145    0.33463
4647    262327    126    2015 11 23 4 39 52    0.535199    0.766145    0.33463
4647    262327    127    2015 11 23 4 40 15    0.534874    0.765447    0.334368
4647    262327    128    2015 11 23 4 40 39    0.535199    0.766145    0.33463
4647    262327    129    2015 11 23 4 41 2    0.534549    0.764749    0.334106
4647    262327    130    2015 11 23 4 41 25    0.534874    0.765447    0.334368
4647    262327    131    2015 11 23 4 41 49    0.534549    0.764749    0.334106
4647    262327    132    2015 11 23 4 42 12    0.534224    0.764051    0.333845
4647    262327    133    2015 11 23 4 42 35    0.534224    0.764051    0.333845
4647    262327    134    2015 11 23 4 42 59    0.534224    0.764051    0.333845
4647    262327    135    2015 11 23 4 43 22    0.5339    0.763354    0.333583
4647    262327    136    2015 11 23 4 43 45    0.533575    0.762658    0.333322
4647    262327    137    2015 11 23 4 44 8    0.5339    0.763354    0.333583
4647    262327    138    2015 11 23 4 44 32    0.533575    0.762658    0.333322
4647    262327    139    2015 11 23 4 44 55    0.53325    0.761962    0.333061
4647    262327    140    2015 11 23 4 45 18    0.53325    0.761962    0.333061
4647    262327    141    2015 11 23 4 45 42    0.53325    0.761962    0.333061
4647    262327    142    2015 11 23 4 46 5    0.53325    0.761962    0.333061
4647    262327    143    2015 11 23 4 46 28    0.532925    0.761266    0.332799
4647    262327    144    2015 11 23 4 46 52    0.532925    0.761266    0.332799
4647    262327    145    2015 11 23 4 47 15    0.532601    0.760571    0.332538
4647    262327    146    2015 11 23 4 47 38    0.532601    0.760571    0.332538
4647    262327    147    2015 11 23 4 48 2    0.532276    0.759877    0.332277
4647    262327    148    2015 11 23 4 48 25    0.532276    0.759877    0.332277
4647    262327    149    2015 11 23 4 48 48    0.531951    0.759182    0.332017
4647    262327    150    2015 11 23 4 49 11    0.531951    0.759182    0.332017
4647    262327    151    2015 11 23 4 49 35    0.531626    0.758489    0.331756
4647    262327    152    2015 11 23 4 49 58    0.531626    0.758489    0.331756
4647    262327    153    2015 11 23 4 50 21    0.531626    0.758489    0.331756
4647    262327    154    2015 11 23 4 50 45    0.531302    0.757796    0.331495
4647    262327    155    2015 11 23 4 51 8    0.530652    0.756411    0.330974
4647    262327    156    2015 11 23 4 51 31    0.530977    0.757103    0.331235
4647    262327    157    2015 11 23 4 51 55    0.530977    0.757103    0.331235
4647    262327    158    2015 11 23 4 52 18    0.530977    0.757103    0.331235
4647    262327    159    2015 11 23 4 52 41    0.530652    0.756411    0.330974
4647    262327    160    2015 11 23 4 53 5    0.530977    0.757103    0.331235
4647    262327    161    2015 11 23 4 53 28    0.530327    0.755719    0.330714
4647    262327    162    2015 11 23 4 53 51    0.530327    0.755719    0.330714
4647    262327    163    2015 11 23 4 54 15    0.530003    0.755028    0.330454
4647    262327    164    2015 11 23 4 54 38    0.530327    0.755719    0.330714
4647    262327    165    2015 11 23 4 55 1    0.530003    0.755028    0.330454
4647    262327    166    2015 11 23 4 55 24    0.529678    0.754337    0.330194
4647    262327    167    2015 11 23 4 55 48    0.529678    0.754337    0.330194
4647    262327    168    2015 11 23 4 56 11    0.529353    0.753647    0.329934
4647    262327    169    2015 11 23 4 56 34    0.529353    0.753647    0.329934
4647    262327    170    2015 11 23 4 56 58    0.529353    0.753647    0.329934
4647    262327    171    2015 11 23 4 57 21    0.529028    0.752957    0.329674
4647    262327    172    2015 11 23 4 57 44    0.529028    0.752957    0.329674
4647    262327    173    2015 11 23 4 58 8    0.528703    0.752268    0.329414
4647    262327    174    2015 11 23 4 58 31    0.528379    0.751579    0.329154
4647    262327    175    2015 11 23 4 58 54    0.528703    0.752268    0.329414
4647    262327    176    2015 11 23 4 59 18    0.528379    0.751579    0.329154
4647    262327    177    2015 11 23 4 59 41    0.528379    0.751579    0.329154
4647    262327    178    2015 11 23 5 0 4    0.528054    0.750891    0.328895
4647    262327    179    2015 11 23 5 0 27    0.528054    0.750891    0.328895
4647    262327    180    2015 11 23 5 0 51    0.528054    0.750891    0.328895
4647    262327    181    2015 11 23 5 1 14    0.527729    0.750203    0.328635
4647    262327    182    2015 11 23 5 1 37    0.527729    0.750203    0.328635
4647    262327    183    2015 11 23 5 2 1    0.527729    0.750203    0.328635
4647    262327    184    2015 11 23 5 2 24    0.527404    0.749515    0.328376
4647    262327    185    2015 11 23 5 2 47    0.527404    0.749515    0.328376
4647    262327    186    2015 11 23 5 3 11    0.52708    0.748828    0.328116
4647    262327    187    2015 11 23 5 3 34    0.52708    0.748828    0.328116
4647    262327    188    2015 11 23 5 3 57    0.526755    0.748142    0.327857
4647    262327    189    2015 11 23 5 4 21    0.526755    0.748142    0.327857
4647    262327    190    2015 11 23 5 4 44    0.526755    0.748142    0.327857
4647    262327    191    2015 11 23 5 5 7    0.52643    0.747456    0.327598
4647    262327    192    2015 11 23 5 5 31    0.52643    0.747456    0.327598
4647    262327    193    2015 11 23 5 5 54    0.52643    0.747456    0.327598
4647    262327    194    2015 11 23 5 6 17    0.526105    0.74677    0.327339
4647    262327    195    2015 11 23 5 6 40    0.526105    0.74677    0.327339
4647    262327    196    2015 11 23 5 7 4    0.525781    0.746085    0.32708
4647    262327    197    2015 11 23 5 7 27    0.525781    0.746085    0.32708
4647    262327    198    2015 11 23 5 7 50    0.525456    0.745401    0.326822
4647    262327    199    2015 11 23 5 8 14    0.525456    0.745401    0.326822
4647    262327    200    2015 11 23 5 8 37    0.525456    0.745401    0.326822
4647    262327    201    2015 11 23 5 9 0    0.525132    0.744718    0.326564
4647    262327    202    2015 11 23 5 9 24    0.525132    0.744718    0.326564
4647    262327    203    2015 11 23 5 9 47    0.524807    0.744034    0.326305
4647    262327    204    2015 11 23 5 10 10    0.525132    0.744718    0.326564
4647    262327    205    2015 11 23 5 10 34    0.524807    0.744034    0.326305
4647    262327    206    2015 11 23 5 10 57    0.524482    0.743351    0.326047
4647    262327    207    2015 11 23 5 11 20    0.524482    0.743351    0.326047
4647    262327    208    2015 11 23 5 11 43    0.524482    0.743351    0.326047
4647    262327    209    2015 11 23 5 12 7    0.524158    0.742669    0.325788
4647    262327    210    2015 11 23 5 12 30    0.524158    0.742669    0.325788
4647    262327    211    2015 11 23 5 12 53    0.524158    0.742669    0.325788
4647    262327    212    2015 11 23 5 13 17    0.523833    0.741986    0.32553
4647    262327    213    2015 11 23 5 13 40    0.523508    0.741304    0.325272
4647    262327    214    2015 11 23 5 14 3    0.523508    0.741304    0.325272
4647    262327    215    2015 11 23 5 14 27    0.523508    0.741304    0.325272
4647    262327    216    2015 11 23 5 14 50    0.523508    0.741304    0.325272
4647    262327    217    2015 11 23 5 15 13    0.522859    0.739942    0.324756
4647    262327    218    2015 11 23 5 15 37    0.523183    0.740623    0.325014
4647    262327    219    2015 11 23 5 16 0    0.522859    0.739942    0.324756
4647    262327    220    2015 11 23 5 16 23    0.522859    0.739942    0.324756
4647    262327    221    2015 11 23 5 16 47    0.522534    0.739262    0.324498
4647    262327    222    2015 11 23 5 17 10    0.522534    0.739262    0.324498
4647    262327    223    2015 11 23 5 17 33    0.522209    0.738582    0.32424
4647    262327    224    2015 11 23 5 17 56    0.522534    0.739262    0.324498
4647    262327    225    2015 11 23 5 18 20    0.521884    0.737902    0.323983
4647    262327    226    2015 11 23 5 18 43    0.521884    0.737902    0.323983
4647    262327    227    2015 11 23 5 19 6    0.521884    0.737902    0.323983
4647    262327    228    2015 11 23 5 19 30    0.521559    0.737223    0.323725
4647    262327    229    2015 11 23 5 19 53    0.521559    0.737223    0.323725
4647    262327    230    2015 11 23 5 20 16    0.521559    0.737223    0.323725
4647    262327    231    2015 11 23 5 20 40    0.521235    0.736545    0.323468
4647    262327    232    2015 11 23 5 21 3    0.52091    0.735867    0.32321
4647    262327    233    2015 11 23 5 21 26    0.520585    0.735189    0.322953
4647    262328    1    2015 11 23 5 24 33    0.518961    0.731808    0.321669
4647    262328    2    2015 11 23 5 24 56    0.519611    0.733159    0.322182
4647    262328    3    2015 11 23 5 25 20    0.519936    0.733835    0.322439
4647    262328    4    2015 11 23 5 25 43    0.519286    0.732483    0.321925
4647    262328    5    2015 11 23 5 26 6    0.519611    0.733159    0.322182
4647    262328    6    2015 11 23 5 26 30    0.518961    0.731808    0.321669
4647    262328    7    2015 11 23 5 26 53    0.518961    0.731808    0.321669
4647    262328    8    2015 11 23 5 27 16    0.519286    0.732483    0.321925
4647    262328    9    2015 11 23 5 27 40    0.518961    0.731808    0.321669
4647    262328    10    2015 11 23 5 28 3    0.518637    0.731133    0.321412
4647    262328    11    2015 11 23 5 28 26    0.518637    0.731133    0.321412
4647    262328    12    2015 11 23 5 28 50    0.518637    0.731133    0.321412
4647    262328    13    2015 11 23 5 29 13    0.518312    0.730458    0.321156
4647    262328    14    2015 11 23 5 29 36    0.518312    0.730458    0.321156
4647    262328    15    2015 11 23 5 29 59    0.517987    0.729784    0.320899
4647    262328    16    2015 11 23 5 30 23    0.517987    0.729784    0.320899
4647    262328    17    2015 11 23 5 30 46    0.517987    0.729784    0.320899
4647    262328    18    2015 11 23 5 31 9    0.517662    0.729111    0.320643
4647    262328    19    2015 11 23 5 31 33    0.517662    0.729111    0.320643
4647    262328    20    2015 11 23 5 31 56    0.517338    0.728438    0.320387
4647    262328    21    2015 11 23 5 32 19    0.517338    0.728438    0.320387
4647    262328    22    2015 11 23 5 32 43    0.517013    0.727765    0.32013
4647    262328    23    2015 11 23 5 33 6    0.517338    0.728438    0.320387
4647    262328    24    2015 11 23 5 33 29    0.516688    0.727093    0.319874
4647    262328    25    2015 11 23 5 33 53    0.517013    0.727765    0.32013
4647    262328    26    2015 11 23 5 34 16    0.516688    0.727093    0.319874
4647    262328    27    2015 11 23 5 34 39    0.516688    0.727093    0.319874
4647    262328    28    2015 11 23 5 35 3    0.516363    0.726421    0.319619
4647    262328    29    2015 11 23 5 35 26    0.516363    0.726421    0.319619
4647    262328    30    2015 11 23 5 35 49    0.516039    0.72575    0.319363
4647    262328    31    2015 11 23 5 36 12    0.516039    0.72575    0.319363
4647    262328    32    2015 11 23 5 36 36    0.516039    0.72575    0.319363
4647    262328    33    2015 11 23 5 36 59    0.515714    0.725079    0.319107
4647    262328    34    2015 11 23 5 37 22    0.515714    0.725079    0.319107
4647    262328    35    2015 11 23 5 37 46    0.515714    0.725079    0.319107
4647    262328    36    2015 11 23 5 38 9    0.515389    0.724409    0.318851
4647    262328    37    2015 11 23 5 38 32    0.515064    0.723739    0.318596
4647    262328    38    2015 11 23 5 38 56    0.515389    0.724409    0.318851
4647    262328    39    2015 11 23 5 39 19    0.514739    0.723069    0.318341
4647    262328    40    2015 11 23 5 39 42    0.515064    0.723739    0.318596
4647    262328    41    2015 11 23 5 40 6    0.514739    0.723069    0.318341
4647    262328    42    2015 11 23 5 40 29    0.514415    0.7224    0.318085
4647    262328    43    2015 11 23 5 40 52    0.514739    0.723069    0.318341
4647    262328    44    2015 11 23 5 41 15    0.514415    0.7224    0.318085
4647    262328    45    2015 11 23 5 41 39    0.51409    0.721732    0.31783
4647    262328    46    2015 11 23 5 42 2    0.51409    0.721732    0.31783
4647    262328    47    2015 11 23 5 42 25    0.51409    0.721732    0.31783
4647    262328    48    2015 11 23 5 42 49    0.513765    0.721064    0.317575
4647    262328    49    2015 11 23 5 43 12    0.513765    0.721064    0.317575
4647    262328    50    2015 11 23 5 43 35    0.513765    0.721064    0.317575
4647    262328    51    2015 11 23 5 43 59    0.51344    0.720396    0.31732
4647    262328    52    2015 11 23 5 44 22    0.513116    0.719729    0.317065
4647    262328    53    2015 11 23 5 44 45    0.51344    0.720396    0.31732
4647    262328    54    2015 11 23 5 45 9    0.512791    0.719062    0.31681
4647    262328    55    2015 11 23 5 45 32    0.512791    0.719062    0.31681
4647    262328    56    2015 11 23 5 45 55    0.512791    0.719062    0.31681
4647    262328    57    2015 11 23 5 46 19    0.512791    0.719062    0.31681
4647    262328    58    2015 11 23 5 46 42    0.512466    0.718396    0.316556
4647    262328    59    2015 11 23 5 47 5    0.512466    0.718396    0.316556
4647    262328    60    2015 11 23 5 47 28    0.512466    0.718396    0.316556
4647    262328    61    2015 11 23 5 47 52    0.512141    0.71773    0.316301
4647    262328    62    2015 11 23 5 48 15    0.511817    0.717064    0.316046
4647    262328    63    2015 11 23 5 48 38    0.512141    0.71773    0.316301
4647    262328    64    2015 11 23 5 49 2    0.511817    0.717064    0.316046
4647    262328    65    2015 11 23 5 49 25    0.511492    0.716399    0.315792
4647    262328    66    2015 11 23 5 49 48    0.511492    0.716399    0.315792
4647    262328    67    2015 11 23 5 50 12    0.511492    0.716399    0.315792
4647    262328    68    2015 11 23 5 50 35    0.511492    0.716399    0.315792
4647    262328    69    2015 11 23 5 50 58    0.511167    0.715735    0.315538
4647    262328    70    2015 11 23 5 51 22    0.511167    0.715735    0.315538
4647    262328    71    2015 11 23 5 51 45    0.510842    0.71507    0.315283
4647    262328    72    2015 11 23 5 52 8    0.510842    0.71507    0.315283
4647    262328    73    2015 11 23 5 52 31    0.510518    0.714407    0.315029
4647    262328    74    2015 11 23 5 52 55    0.510842    0.71507    0.315283
4647    262328    75    2015 11 23 5 53 18    0.510193    0.713743    0.314775
4647    262328    76    2015 11 23 5 53 41    0.510518    0.714407    0.315029
4647    262328    77    2015 11 23 5 54 5    0.510193    0.713743    0.314775
4647    262328    78    2015 11 23 5 54 28    0.509543    0.712418    0.314268
4647    262328    79    2015 11 23 5 54 51    0.509868    0.713081    0.314521
4647    262328    80    2015 11 23 5 55 15    0.509543    0.712418    0.314268
4647    262328    81    2015 11 23 5 55 38    0.509543    0.712418    0.314268
4647    262328    82    2015 11 23 5 56 1    0.509543    0.712418    0.314268
4647    262328    83    2015 11 23 5 56 25    0.509219    0.711756    0.314014
4647    262328    84    2015 11 23 5 56 48    0.509219    0.711756    0.314014
4647    262328    85    2015 11 23 5 57 11    0.509219    0.711756    0.314014
4647    262328    86    2015 11 23 5 57 35    0.508894    0.711095    0.31376
4647    262328    87    2015 11 23 5 57 58    0.508894    0.711095    0.31376
4647    262328    88    2015 11 23 5 58 21    0.508894    0.711095    0.31376
4647    262328    89    2015 11 23 5 58 44    0.508569    0.710434    0.313507
4647    262328    90    2015 11 23 5 59 8    0.508569    0.710434    0.313507
4647    262328    91    2015 11 23 5 59 31    0.508244    0.709773    0.313253
4647    262328    92    2015 11 23 5 59 54    0.508569    0.710434    0.313507
4647    262328    93    2015 11 23 6 0 18    0.507919    0.709113    0.313
4647    262328    94    2015 11 23 6 0 41    0.507919    0.709113    0.313
4647    262328    95    2015 11 23 6 1 4    0.507919    0.709113    0.313
4647    262328    96    2015 11 23 6 1 28    0.507919    0.709113    0.313
4647    262328    97    2015 11 23 6 1 51    0.507595    0.708453    0.312747
4647    262328    98    2015 11 23 6 2 14    0.507595    0.708453    0.312747
4647    262328    99    2015 11 23 6 2 38    0.50727    0.707794    0.312494
4647    262328    100    2015 11 23 6 3 1    0.50727    0.707794    0.312494
4647    262328    101    2015 11 23 6 3 24    0.506945    0.707135    0.312241
4647    262328    102    2015 11 23 6 3 47    0.506945    0.707135    0.312241
4647    262328    103    2015 11 23 6 4 11    0.506945    0.707135    0.312241
4647    262328    104    2015 11 23 6 4 34    0.506945    0.707135    0.312241
4647    262328    105    2015 11 23 6 4 57    0.50662    0.706476    0.311988
4647    262328    106    2015 11 23 6 5 21    0.50662    0.706476    0.311988
4647    262328    107    2015 11 23 6 5 44    0.506296    0.705818    0.311735
4647    262328    108    2015 11 23 6 6 7    0.506296    0.705818    0.311735
4647    262328    109    2015 11 23 6 6 31    0.505971    0.705161    0.311482
4647    262328    110    2015 11 23 6 6 54    0.505971    0.705161    0.311482
4647    262328    111    2015 11 23 6 7 17    0.505971    0.705161    0.311482
4647    262328    112    2015 11 23 6 7 41    0.505646    0.704504    0.31123
4647    262328    113    2015 11 23 6 8 4    0.505646    0.704504    0.31123
4647    262328    114    2015 11 23 6 8 27    0.505321    0.703847    0.310977
4647    262328    115    2015 11 23 6 8 51    0.505321    0.703847    0.310977
4647    262328    116    2015 11 23 6 9 14    0.505321    0.703847    0.310977
4647    262328    117    2015 11 23 6 9 37    0.505321    0.703847    0.310977
4647    262328    118    2015 11 23 6 10 0    0.504672    0.702535    0.310472
4647    262328    119    2015 11 23 6 10 24    0.504997    0.703191    0.310725
4647    262328    120    2015 11 23 6 10 47    0.504672    0.702535    0.310472
4647    262328    121    2015 11 23 6 11 10    0.504672    0.702535    0.310472
4647    262328    122    2015 11 23 6 11 34    0.504347    0.701879    0.31022
4647    262328    123    2015 11 23 6 11 57    0.504347    0.701879    0.31022
4647    262328    124    2015 11 23 6 12 20    0.504347    0.701879    0.31022
4647    262328    125    2015 11 23 6 12 44    0.504022    0.701224    0.309968
4647    262328    126    2015 11 23 6 13 7    0.504022    0.701224    0.309968
4647    262328    127    2015 11 23 6 13 30    0.504022    0.701224    0.309968
4647    262328    128    2015 11 23 6 13 54    0.503698    0.70057    0.309716
4647    262328    129    2015 11 23 6 14 17    0.503373    0.699916    0.309464
4647    262328    130    2015 11 23 6 14 40    0.503373    0.699916    0.309464
4647    262328    131    2015 11 23 6 15 3    0.503373    0.699916    0.309464
4647    262328    132    2015 11 23 6 15 27    0.503048    0.699262    0.309212
4647    262328    133    2015 11 23 6 15 50    0.503048    0.699262    0.309212
4647    262328    134    2015 11 23 6 16 13    0.503048    0.699262    0.309212
4647    262328    135    2015 11 23 6 16 37    0.502723    0.698609    0.30896
4647    262328    136    2015 11 23 6 17 0    0.502723    0.698609    0.30896
4647    262328    137    2015 11 23 6 17 23    0.502399    0.697956    0.308709
4647    262328    138    2015 11 23 6 17 47    0.502399    0.697956    0.308709
4647    262328    139    2015 11 23 6 18 10    0.502399    0.697956    0.308709
4647    262328    140    2015 11 23 6 18 33    0.502074    0.697303    0.308457
4647    262328    141    2015 11 23 6 18 57    0.502074    0.697303    0.308457
4647    262328    142    2015 11 23 6 19 20    0.501749    0.696651    0.308205
4647    262328    143    2015 11 23 6 19 43    0.502074    0.697303    0.308457
4647    262328    144    2015 11 23 6 20 7    0.501749    0.696651    0.308205
4647    262328    145    2015 11 23 6 20 30    0.501424    0.696    0.307954
4647    262328    146    2015 11 23 6 20 53    0.501424    0.696    0.307954
4647    262328    147    2015 11 23 6 21 16    0.501424    0.696    0.307954
4647    262328    148    2015 11 23 6 21 40    0.501099    0.695349    0.307703
4647    262328    149    2015 11 23 6 22 3    0.501099    0.695349    0.307703
4647    262328    150    2015 11 23 6 22 26    0.501099    0.695349    0.307703
4647    262328    151    2015 11 23 6 22 50    0.500775    0.694698    0.307452
4647    262328    152    2015 11 23 6 23 13    0.500775    0.694698    0.307452
4647    262328    153    2015 11 23 6 23 36    0.50045    0.694047    0.307201
4647    262328    154    2015 11 23 6 24 0    0.50045    0.694047    0.307201
4647    262328    155    2015 11 23 6 24 23    0.500125    0.693398    0.30695
4647    262328    156    2015 11 23 6 24 46    0.4998    0.692748    0.306699
4647    262328    157    2015 11 23 6 25 10    0.500125    0.693398    0.30695
4647    262328    158    2015 11 23 6 25 33    0.500125    0.693398    0.30695
4647    262328    159    2015 11 23 6 25 56    0.4998    0.692748    0.306699
4647    262328    160    2015 11 23 6 26 19    0.4998    0.692748    0.306699
4647    262328    161    2015 11 23 6 26 43    0.499476    0.692099    0.306448
4647    262328    162    2015 11 23 6 27 6    0.4998    0.692748    0.306699
4647    262328    163    2015 11 23 6 27 29    0.499151    0.69145    0.306197
4647    262328    164    2015 11 23 6 27 53    0.499476    0.692099    0.306448
4647    262328    165    2015 11 23 6 28 16    0.499151    0.69145    0.306197
4647    262328    166    2015 11 23 6 28 39    0.290333    0.342959    0.161697
4647    262328    167    2015 11 23 6 29 3    0    -0    0
4647    262328    168    2015 11 23 6 29 26    0    -0    0
4647    262328    169    2015 11 23 6 29 49    0    -0    0
4647    262328    170    2015 11 23 6 30 13    0    -0    0
4647    262328    171    2015 11 23 6 30 36    0    -0    0
4647    262328    172    2015 11 23 6 30 59    0    -0    0
4647    262328    173    2015 11 23 6 31 23    0    -0    0
4647    262328    174    2015 11 23 6 31 46    0    -0    0
4647    262328    175    2015 11 23 6 32 9    0    -0    0
4647    262328    176    2015 11 23 6 32 32    0    -0    0
4647    262328    177    2015 11 23 6 32 56    0    -0    0
4647    262328    178    2015 11 23 6 33 19    0    -0    0
4647    262328    179    2015 11 23 6 33 42    0    -0    0
4647    262328    180    2015 11 23 6 34 6    0    -0    0
