4638    262204    1    2015 11 20 12 32 59    0.685438    1.15657    0.469224
4638    262204    2    2015 11 20 12 33 22    0.687    1.16155    0.470792
4638    262204    3    2015 11 20 12 33 46    0.688561    1.16655    0.472364
4638    262204    4    2015 11 20 12 34 9    0.687    1.16155    0.470792
4638    262204    5    2015 11 20 12 34 32    0.688561    1.16655    0.472364
4638    262204    6    2015 11 20 12 34 55    0.687    1.16155    0.470792
4638    262204    7    2015 11 20 12 35 19    0.687    1.16155    0.470792
4638    262204    8    2015 11 20 12 35 42    0    -0    0
4638    262204    9    2015 11 20 12 36 5    0.685438    1.15657    0.469224
4638    262204    10    2015 11 20 12 36 29    0.685438    1.15657    0.469224
4638    262204    11    2015 11 20 12 36 52    0.683877    1.15162    0.46766
4638    262204    12    2015 11 20 12 37 15    0.683877    1.15162    0.46766
4638    262204    13    2015 11 20 12 37 39    0.683877    1.15162    0.46766
4638    262204    14    2015 11 20 12 38 2    0.683877    1.15162    0.46766
4638    262204    15    2015 11 20 12 38 25    0.683877    1.15162    0.46766
4638    262204    16    2015 11 20 12 38 49    0.683877    1.15162    0.46766
4638    262204    17    2015 11 20 12 39 12    0.683877    1.15162    0.46766
4638    262204    18    2015 11 20 12 39 35    0.683877    1.15162    0.46766
4638    262204    19    2015 11 20 12 39 58    0.685438    1.15657    0.469224
4638    262204    20    2015 11 20 12 40 22    0.683877    1.15162    0.46766
4638    262204    21    2015 11 20 12 40 45    0.683877    1.15162    0.46766
4638    262204    22    2015 11 20 12 41 8    0.685438    1.15657    0.469224
4638    262204    23    2015 11 20 12 41 32    0.685438    1.15657    0.469224
4638    262204    24    2015 11 20 12 41 55    0.687    1.16155    0.470792
4638    262204    25    2015 11 20 12 42 18    0.685438    1.15657    0.469224
4638    262204    26    2015 11 20 12 42 42    0.685438    1.15657    0.469224
4638    262204    27    2015 11 20 12 43 5    0.685438    1.15657    0.469224
4638    262204    28    2015 11 20 12 43 28    0.683877    1.15162    0.46766
4638    262204    29    2015 11 20 12 43 52    0.683877    1.15162    0.46766
4638    262204    30    2015 11 20 12 44 15    0.683877    1.15162    0.46766
4638    262204    31    2015 11 20 12 44 38    0.683877    1.15162    0.46766
4638    262204    32    2015 11 20 12 45 2    0.683877    1.15162    0.46766
4638    262204    33    2015 11 20 12 45 25    0.683877    1.15162    0.46766
4638    262204    34    2015 11 20 12 45 48    0.685438    1.15657    0.469224
4638    262204    35    2015 11 20 12 46 11    0.683877    1.15162    0.46766
4638    262204    36    2015 11 20 12 46 35    0.682315    1.1467    0.466101
4638    262204    37    2015 11 20 12 46 58    0.682315    1.1467    0.466101
4638    262204    38    2015 11 20 12 47 21    0.680754    1.14179    0.464545
4638    262204    39    2015 11 20 12 47 45    0.679193    1.13691    0.462994
4638    262204    40    2015 11 20 12 48 8    0.679193    1.13691    0.462994
4638    262204    41    2015 11 20 12 48 31    0.679193    1.13691    0.462994
4638    262204    42    2015 11 20 12 48 55    0.679193    1.13691    0.462994
4638    262204    43    2015 11 20 12 49 18    0.679193    1.13691    0.462994
4638    262204    44    2015 11 20 12 49 41    0.680754    1.14179    0.464545
4638    262204    45    2015 11 20 12 50 5    0.679193    1.13691    0.462994
4638    262204    46    2015 11 20 12 50 28    0.680754    1.14179    0.464545
4638    262204    47    2015 11 20 12 50 51    0.679193    1.13691    0.462994
4638    262204    48    2015 11 20 12 51 14    0.680754    1.14179    0.464545
4638    262205    1    2015 11 20 12 54 7    0.675493    1.12545    0.459334
4638    262205    2    2015 11 20 12 54 30    0.676786    1.12944    0.460611
4638    262205    3    2015 11 20 12 54 54    0.676786    1.12944    0.460611
4638    262205    4    2015 11 20 12 55 17    0.677432    1.13144    0.46125
4638    262205    5    2015 11 20 12 55 40    0.677432    1.13144    0.46125
4638    262205    6    2015 11 20 12 56 4    0.678079    1.13345    0.46189
4638    262205    7    2015 11 20 12 56 27    0.678079    1.13345    0.46189
4638    262205    8    2015 11 20 12 56 50    0.677432    1.13144    0.46125
4638    262205    9    2015 11 20 12 57 13    0.678079    1.13345    0.46189
4638    262205    10    2015 11 20 12 57 37    0.677432    1.13144    0.46125
4638    262205    11    2015 11 20 12 58 0    0.678079    1.13345    0.46189
4638    262205    12    2015 11 20 12 58 23    0.678079    1.13345    0.46189
4638    262205    13    2015 11 20 12 58 47    0.678079    1.13345    0.46189
4638    262205    14    2015 11 20 12 59 10    0.678079    1.13345    0.46189
4638    262205    15    2015 11 20 12 59 33    0.676139    1.12744    0.459972
4638    262205    16    2015 11 20 12 59 57    0.676786    1.12944    0.460611
4638    262205    17    2015 11 20 13 0 20    0.676139    1.12744    0.459972
4638    262205    18    2015 11 20 13 0 43    0.676139    1.12744    0.459972
4638    262205    19    2015 11 20 13 1 7    0.676139    1.12744    0.459972
4638    262205    20    2015 11 20 13 1 30    0.675493    1.12545    0.459334
4638    262205    21    2015 11 20 13 1 53    0.675493    1.12545    0.459334
4638    262205    22    2015 11 20 13 2 16    0.675493    1.12545    0.459334
4638    262205    23    2015 11 20 13 2 40    0.674847    1.12346    0.458697
4638    262205    24    2015 11 20 13 3 3    0.675493    1.12545    0.459334
4638    262205    25    2015 11 20 13 3 26    0.675493    1.12545    0.459334
4638    262205    26    2015 11 20 13 3 50    0.674847    1.12346    0.458697
4638    262205    27    2015 11 20 13 4 13    0.674847    1.12346    0.458697
4638    262205    28    2015 11 20 13 4 36    0.673554    1.11949    0.457425
4638    262205    29    2015 11 20 13 5 0    0.672907    1.11751    0.45679
4638    262205    30    2015 11 20 13 5 23    0.671614    1.11357    0.455522
4638    262205    31    2015 11 20 13 5 46    0.670968    1.1116    0.454889
4638    262205    32    2015 11 20 13 6 10    0.670968    1.1116    0.454889
4638    262205    33    2015 11 20 13 6 33    0.670968    1.1116    0.454889
4638    262205    34    2015 11 20 13 6 56    0.670968    1.1116    0.454889
4638    262205    35    2015 11 20 13 7 20    0.670968    1.1116    0.454889
4638    262205    36    2015 11 20 13 7 43    0.671614    1.11357    0.455522
4638    262205    37    2015 11 20 13 8 6    0.672261    1.11554    0.456156
4638    262205    38    2015 11 20 13 8 29    0.672261    1.11554    0.456156
4638    262205    39    2015 11 20 13 8 53    0.672261    1.11554    0.456156
4638    262205    40    2015 11 20 13 9 16    0.670322    1.10964    0.454257
4638    262205    41    2015 11 20 13 9 39    0.672261    1.11554    0.456156
4638    262205    42    2015 11 20 13 10 3    0.670968    1.1116    0.454889
4638    262205    43    2015 11 20 13 10 26    0.670322    1.10964    0.454257
4638    262205    44    2015 11 20 13 10 49    0.669675    1.10768    0.453625
4638    262205    45    2015 11 20 13 11 13    0.669029    1.10572    0.452994
4638    262205    46    2015 11 20 13 11 36    0.668382    1.10377    0.452364
4638    262205    47    2015 11 20 13 11 59    0.667736    1.10183    0.451734
4638    262205    48    2015 11 20 13 12 23    0.668382    1.10377    0.452364
4638    262205    49    2015 11 20 13 12 46    0.668382    1.10377    0.452364
4638    262205    50    2015 11 20 13 13 9    0.668382    1.10377    0.452364
4638    262205    51    2015 11 20 13 13 32    0.669029    1.10572    0.452994
4638    262205    52    2015 11 20 13 13 56    0.669029    1.10572    0.452994
4638    262205    53    2015 11 20 13 14 19    0.669029    1.10572    0.452994
4638    262205    54    2015 11 20 13 14 42    0.670322    1.10964    0.454257
4638    262205    55    2015 11 20 13 15 6    0.670322    1.10964    0.454257
4638    262205    56    2015 11 20 13 15 29    0.669029    1.10572    0.452994
4638    262205    57    2015 11 20 13 15 52    0.669675    1.10768    0.453625
4638    262205    58    2015 11 20 13 16 16    0.668382    1.10377    0.452364
4638    262205    59    2015 11 20 13 16 39    0.668382    1.10377    0.452364
4638    262205    60    2015 11 20 13 17 2    0.667736    1.10183    0.451734
4638    262205    61    2015 11 20 13 17 26    0.668382    1.10377    0.452364
4638    262205    62    2015 11 20 13 17 49    0.667736    1.10183    0.451734
4638    262205    63    2015 11 20 13 18 12    0.668382    1.10377    0.452364
4638    262205    64    2015 11 20 13 18 36    0.667736    1.10183    0.451734
4638    262205    65    2015 11 20 13 18 59    0.668382    1.10377    0.452364
4638    262205    66    2015 11 20 13 19 22    0.668382    1.10377    0.452364
4638    262205    67    2015 11 20 13 19 45    0.66709    1.09988    0.451105
4638    262205    68    2015 11 20 13 20 9    0.666443    1.09794    0.450477
4638    262205    69    2015 11 20 13 20 32    0.66515    1.09407    0.449222
4638    262205    70    2015 11 20 13 20 55    0.66515    1.09407    0.449222
4638    262205    71    2015 11 20 13 21 19    0.66515    1.09407    0.449222
4638    262205    72    2015 11 20 13 21 42    0.664504    1.09214    0.448596
4638    262205    73    2015 11 20 13 22 5    0.665797    1.09601    0.449849
4638    262205    74    2015 11 20 13 22 29    0.66515    1.09407    0.449222
4638    262205    75    2015 11 20 13 22 52    0.666443    1.09794    0.450477
4638    262205    76    2015 11 20 13 23 15    0.665797    1.09601    0.449849
4638    262205    77    2015 11 20 13 23 39    0.665797    1.09601    0.449849
4638    262205    78    2015 11 20 13 24 2    0.66709    1.09988    0.451105
4638    262205    79    2015 11 20 13 24 25    0.666443    1.09794    0.450477
4638    262205    80    2015 11 20 13 24 48    0.66709    1.09988    0.451105
4638    262205    81    2015 11 20 13 25 12    0.66709    1.09988    0.451105
4638    262205    82    2015 11 20 13 25 35    0.666443    1.09794    0.450477
4638    262205    83    2015 11 20 13 25 58    0.666443    1.09794    0.450477
4638    262205    84    2015 11 20 13 26 22    0.66515    1.09407    0.449222
4638    262205    85    2015 11 20 13 26 45    0.664504    1.09214    0.448596
4638    262205    86    2015 11 20 13 27 8    0.663857    1.09022    0.44797
4638    262205    87    2015 11 20 13 27 32    0.663857    1.09022    0.44797
4638    262205    88    2015 11 20 13 27 55    0.663211    1.0883    0.447345
4638    262205    89    2015 11 20 13 28 18    0.663211    1.0883    0.447345
4638    262205    90    2015 11 20 13 28 42    0.663211    1.0883    0.447345
4638    262205    91    2015 11 20 13 29 5    0.663857    1.09022    0.44797
4638    262205    92    2015 11 20 13 29 28    0.662565    1.08638    0.44672
4638    262205    93    2015 11 20 13 29 52    0.664504    1.09214    0.448596
4638    262205    94    2015 11 20 13 30 15    0.664504    1.09214    0.448596
4638    262205    95    2015 11 20 13 30 38    0.664504    1.09214    0.448596
4638    262205    96    2015 11 20 13 31 1    0.66515    1.09407    0.449222
4638    262205    97    2015 11 20 13 31 25    0.66515    1.09407    0.449222
4638    262205    98    2015 11 20 13 31 48    0.665797    1.09601    0.449849
4638    262205    99    2015 11 20 13 32 11    0.664504    1.09214    0.448596
4638    262205    100    2015 11 20 13 32 35    0.664504    1.09214    0.448596
4638    262205    101    2015 11 20 13 32 58    0.663857    1.09022    0.44797
4638    262205    102    2015 11 20 13 33 21    0.662565    1.08638    0.44672
4638    262205    103    2015 11 20 13 33 45    0.663211    1.0883    0.447345
4638    262205    104    2015 11 20 13 34 8    0.661272    1.08256    0.445474
4638    262205    105    2015 11 20 13 34 31    0.660625    1.08065    0.444851
4638    262205    106    2015 11 20 13 34 55    0.659333    1.07685    0.443608
4638    262205    107    2015 11 20 13 35 18    0.661272    1.08256    0.445474
4638    262205    108    2015 11 20 13 35 41    0.660625    1.08065    0.444851
4638    262205    109    2015 11 20 13 36 4    0.661272    1.08256    0.445474
4638    262205    110    2015 11 20 13 36 28    0.661918    1.08447    0.446097
4638    262205    111    2015 11 20 13 36 51    0.661918    1.08447    0.446097
4638    262205    112    2015 11 20 13 37 14    0.662565    1.08638    0.44672
4638    262205    113    2015 11 20 13 37 38    0.662565    1.08638    0.44672
4638    262205    114    2015 11 20 13 38 1    0.663211    1.0883    0.447345
4638    262205    115    2015 11 20 13 38 24    0.663211    1.0883    0.447345
4638    262205    116    2015 11 20 13 38 48    0.662565    1.08638    0.44672
4638    262205    117    2015 11 20 13 39 11    0.662565    1.08638    0.44672
4638    262205    118    2015 11 20 13 39 34    0.661918    1.08447    0.446097
4638    262205    119    2015 11 20 13 39 58    0.660625    1.08065    0.444851
4638    262205    120    2015 11 20 13 40 21    0.660625    1.08065    0.444851
4638    262205    121    2015 11 20 13 40 44    0.659333    1.07685    0.443608
4638    262205    122    2015 11 20 13 41 8    0.658686    1.07495    0.442988
4638    262205    123    2015 11 20 13 41 31    0.658686    1.07495    0.442988
4638    262205    124    2015 11 20 13 41 54    0.65804    1.07306    0.442368
4638    262205    125    2015 11 20 13 42 17    0.65804    1.07306    0.442368
4638    262205    126    2015 11 20 13 42 41    0.659979    1.07875    0.444229
4638    262205    127    2015 11 20 13 43 4    0.656747    1.06929    0.44113
4638    262205    128    2015 11 20 13 43 27    0.659333    1.07685    0.443608
4638    262205    129    2015 11 20 13 43 51    0.658686    1.07495    0.442988
4638    262205    130    2015 11 20 13 44 14    0.659333    1.07685    0.443608
4638    262205    131    2015 11 20 13 44 37    0.659979    1.07875    0.444229
4638    262205    132    2015 11 20 13 45 1    0.659333    1.07685    0.443608
4638    262205    133    2015 11 20 13 45 24    0.659979    1.07875    0.444229
4638    262205    134    2015 11 20 13 45 47    0.658686    1.07495    0.442988
4638    262205    135    2015 11 20 13 46 11    0.660625    1.08065    0.444851
4638    262205    136    2015 11 20 13 46 34    0.658686    1.07495    0.442988
4638    262205    137    2015 11 20 13 46 57    0.658686    1.07495    0.442988
4638    262205    138    2015 11 20 13 47 20    0.656747    1.06929    0.44113
4638    262205    139    2015 11 20 13 47 44    0.657393    1.07117    0.441749
4638    262205    140    2015 11 20 13 48 7    0.656747    1.06929    0.44113
4638    262205    141    2015 11 20 13 48 30    0.657393    1.07117    0.441749
4638    262205    142    2015 11 20 13 48 54    0.657393    1.07117    0.441749
4638    262205    143    2015 11 20 13 49 17    0.657393    1.07117    0.441749
4638    262205    144    2015 11 20 13 49 40    0.657393    1.07117    0.441749
4638    262205    145    2015 11 20 13 50 4    0.658686    1.07495    0.442988
4638    262205    146    2015 11 20 13 50 27    0.65804    1.07306    0.442368
4638    262205    147    2015 11 20 13 50 50    0.658686    1.07495    0.442988
4638    262205    148    2015 11 20 13 51 14    0.65804    1.07306    0.442368
4638    262205    149    2015 11 20 13 51 37    0.65804    1.07306    0.442368
4638    262205    150    2015 11 20 13 52 0    0.65804    1.07306    0.442368
4638    262205    151    2015 11 20 13 52 24    0.65804    1.07306    0.442368
4638    262205    152    2015 11 20 13 52 47    0.657393    1.07117    0.441749
4638    262205    153    2015 11 20 13 53 10    0.656747    1.06929    0.44113
4638    262205    154    2015 11 20 13 53 33    0.655454    1.06553    0.439895
4638    262205    155    2015 11 20 13 53 57    0.654808    1.06365    0.439278
4638    262205    156    2015 11 20 13 54 20    0.654161    1.06178    0.438662
4638    262205    157    2015 11 20 13 54 43    0.654808    1.06365    0.439278
4638    262205    158    2015 11 20 13 55 7    0.656101    1.06741    0.440512
4638    262205    159    2015 11 20 13 55 30    0.655454    1.06553    0.439895
4638    262205    160    2015 11 20 13 55 53    0.656101    1.06741    0.440512
4638    262205    161    2015 11 20 13 56 17    0.656101    1.06741    0.440512
4638    262205    162    2015 11 20 13 56 40    0.656101    1.06741    0.440512
4638    262205    163    2015 11 20 13 57 3    0.656101    1.06741    0.440512
4638    262205    164    2015 11 20 13 57 27    0.656747    1.06929    0.44113
4638    262205    165    2015 11 20 13 57 50    0.656101    1.06741    0.440512
4638    262205    166    2015 11 20 13 58 13    0.656101    1.06741    0.440512
4638    262205    167    2015 11 20 13 58 36    0.656101    1.06741    0.440512
4638    262205    168    2015 11 20 13 59 0    0.655454    1.06553    0.439895
4638    262205    169    2015 11 20 13 59 23    0.655454    1.06553    0.439895
4638    262205    170    2015 11 20 13 59 46    0.655454    1.06553    0.439895
4638    262205    171    2015 11 20 14 0 10    0.655454    1.06553    0.439895
4638    262205    172    2015 11 20 14 0 33    0.654808    1.06365    0.439278
4638    262205    173    2015 11 20 14 0 56    0.654808    1.06365    0.439278
4638    262205    174    2015 11 20 14 1 20    0.655454    1.06553    0.439895
4638    262205    175    2015 11 20 14 1 43    0.654161    1.06178    0.438662
4638    262205    176    2015 11 20 14 2 6    0.654161    1.06178    0.438662
4638    262205    177    2015 11 20 14 2 30    0.652868    1.05805    0.437432
4638    262205    178    2015 11 20 14 2 53    0.652868    1.05805    0.437432
4638    262205    179    2015 11 20 14 3 16    0.652868    1.05805    0.437432
4638    262205    180    2015 11 20 14 3 40    0.650929    1.05248    0.435591
4638    262205    181    2015 11 20 14 4 3    0.651576    1.05433    0.436204
4638    262205    182    2015 11 20 14 4 26    0.652222    1.05619    0.436818
4638    262205    183    2015 11 20 14 4 49    0.652222    1.05619    0.436818
4638    262205    184    2015 11 20 14 5 13    0.652222    1.05619    0.436818
4638    262205    185    2015 11 20 14 5 36    0.652868    1.05805    0.437432
4638    262205    186    2015 11 20 14 5 59    0.653515    1.05992    0.438047
4638    262205    187    2015 11 20 14 6 23    0.653515    1.05992    0.438047
4638    262205    188    2015 11 20 14 6 46    0.653515    1.05992    0.438047
4638    262205    189    2015 11 20 14 7 9    0.653515    1.05992    0.438047
4638    262205    190    2015 11 20 14 7 33    0.653515    1.05992    0.438047
4638    262205    191    2015 11 20 14 7 56    0.653515    1.05992    0.438047
4638    262205    192    2015 11 20 14 8 19    0.652868    1.05805    0.437432
4638    262205    193    2015 11 20 14 8 43    0.651576    1.05433    0.436204
4638    262205    194    2015 11 20 14 9 6    0.651576    1.05433    0.436204
4638    262205    195    2015 11 20 14 9 29    0.650283    1.05063    0.434979
4638    262205    196    2015 11 20 14 9 52    0.64899    1.04694    0.433756
4638    262205    197    2015 11 20 14 10 16    0.650283    1.05063    0.434979
4638    262205    198    2015 11 20 14 10 39    0.649636    1.04878    0.434367
4638    262205    199    2015 11 20 14 11 2    0.650283    1.05063    0.434979
4638    262205    200    2015 11 20 14 11 26    0.650929    1.05248    0.435591
4638    262205    201    2015 11 20 14 11 49    0.650283    1.05063    0.434979
4638    262205    202    2015 11 20 14 12 12    0.650929    1.05248    0.435591
4638    262205    203    2015 11 20 14 12 36    0.650929    1.05248    0.435591
4638    262205    204    2015 11 20 14 12 59    0.651576    1.05433    0.436204
4638    262205    205    2015 11 20 14 13 22    0.650929    1.05248    0.435591
4638    262205    206    2015 11 20 14 13 46    0.652222    1.05619    0.436818
4638    262205    207    2015 11 20 14 14 9    0.650929    1.05248    0.435591
4638    262205    208    2015 11 20 14 14 32    0.651576    1.05433    0.436204
4638    262205    209    2015 11 20 14 14 56    0.650283    1.05063    0.434979
4638    262205    210    2015 11 20 14 15 19    0.649636    1.04878    0.434367
4638    262205    211    2015 11 20 14 15 42    0.648344    1.0451    0.433146
4638    262205    212    2015 11 20 14 16 5    0.648344    1.0451    0.433146
4638    262205    213    2015 11 20 14 16 29    0.648344    1.0451    0.433146
4638    262205    214    2015 11 20 14 16 52    0.648344    1.0451    0.433146
4638    262205    215    2015 11 20 14 17 15    0.648344    1.0451    0.433146
4638    262205    216    2015 11 20 14 17 39    0.648344    1.0451    0.433146
4638    262205    217    2015 11 20 14 18 2    0.64899    1.04694    0.433756
4638    262205    218    2015 11 20 14 18 25    0.64899    1.04694    0.433756
4638    262205    219    2015 11 20 14 18 49    0.64899    1.04694    0.433756
4638    262205    220    2015 11 20 14 19 12    0.650283    1.05063    0.434979
4638    262205    221    2015 11 20 14 19 35    0.649636    1.04878    0.434367
4638    262205    222    2015 11 20 14 19 59    0.64899    1.04694    0.433756
4638    262205    223    2015 11 20 14 20 22    0.64899    1.04694    0.433756
4638    262205    224    2015 11 20 14 20 45    0.648344    1.0451    0.433146
4638    262205    225    2015 11 20 14 21 9    0.646404    1.0396    0.431318
4638    262205    226    2015 11 20 14 21 32    0.646404    1.0396    0.431318
4638    262205    227    2015 11 20 14 21 55    0.645758    1.03777    0.43071
4638    262205    228    2015 11 20 14 22 18    0.645758    1.03777    0.43071
4638    262205    229    2015 11 20 14 22 42    0.646404    1.0396    0.431318
4638    262205    230    2015 11 20 14 23 5    0.646404    1.0396    0.431318
4638    262205    231    2015 11 20 14 23 28    0.591459    0.895163    0.38168
4638    262205    232    2015 11 20 14 23 52    0.118939    0.126628    0.0619782
4638    262205    233    2015 11 20 14 24 15    0.391075    0.49606    0.227607
4638    262205    234    2015 11 20 14 24 38    0.613437    0.950461    0.401059
4638    262205    235    2015 11 20 14 25 2    0.526819    0.748277    0.327908
4638    262205    236    2015 11 20 14 25 25    0.207496    0.232558    0.111776
4638    262205    237    2015 11 20 14 25 48    0.292175    0.345558    0.162848
4638    262205    238    2015 11 20 14 26 12    0.647051    1.04143    0.431927
4638    262205    239    2015 11 20 14 26 35    0.645758    1.03777    0.43071
4638    262205    240    2015 11 20 14 26 58    0.645758    1.03777    0.43071
4638    262205    241    2015 11 20 14 27 21    0.398186    0.507806    0.232506
4638    262205    242    2015 11 20 14 27 45    0.357461    0.442328    0.204913
4638    262205    243    2015 11 20 14 28 8    0.62378    0.977581    0.410392
4638    262205    244    2015 11 20 14 28 31    0.58435    0.877912    0.375539
4638    262205    245    2015 11 20 14 28 55    0.3148    0.378044    0.17714
4638    262205    246    2015 11 20 14 29 18    0.0898502    0.094146    0.0463345
4638    262205    247    2015 11 20 14 29 41    0.526173    0.746912    0.327393
4638    262205    248    2015 11 20 14 30 5    0.647697    1.04326    0.432536
4638    262205    249    2015 11 20 14 30 28    0.645758    1.03777    0.43071
4638    262205    250    2015 11 20 14 30 51    0.645758    1.03777    0.43071
4638    262205    251    2015 11 20 14 31 15    0.645111    1.03595    0.430103
4638    262205    252    2015 11 20 14 31 38    0.644465    1.03413    0.429496
4638    262205    253    2015 11 20 14 32 1    0.643819    1.03232    0.42889
4638    262205    254    2015 11 20 14 32 25    0.643172    1.0305    0.428284
4638    262205    255    2015 11 20 14 32 48    0.641879    1.02689    0.427075
4638    262205    256    2015 11 20 14 33 11    0.642526    1.02869    0.427679
4638    262205    257    2015 11 20 14 33 34    0.642526    1.02869    0.427679
4638    262205    258    2015 11 20 14 33 58    0.641879    1.02689    0.427075
4638    262205    259    2015 11 20 14 34 21    0.642526    1.02869    0.427679
4638    262205    260    2015 11 20 14 34 44    0.643819    1.03232    0.42889
4638    262205    261    2015 11 20 14 35 8    0.643172    1.0305    0.428284
4638    262205    262    2015 11 20 14 35 31    0.642526    1.02869    0.427679
4638    262205    263    2015 11 20 14 35 54    0.641233    1.02508    0.426471
4638    262205    264    2015 11 20 14 36 18    0.640587    1.02328    0.425868
4638    262205    265    2015 11 20 14 36 41    0.641233    1.02508    0.426471
4638    262205    266    2015 11 20 14 37 4    0.63994    1.02148    0.425265
4638    262205    267    2015 11 20 14 37 28    0.63994    1.02148    0.425265
4638    262205    268    2015 11 20 14 37 51    0.639294    1.01969    0.424663
4638    262205    269    2015 11 20 14 38 14    0.63994    1.02148    0.425265
4638    262205    270    2015 11 20 14 38 37    0.63994    1.02148    0.425265
4638    262205    271    2015 11 20 14 39 1    0.640587    1.02328    0.425868
4638    262205    272    2015 11 20 14 39 24    0.640587    1.02328    0.425868
4638    262205    273    2015 11 20 14 39 47    0.641233    1.02508    0.426471
4638    262205    274    2015 11 20 14 40 11    0.640587    1.02328    0.425868
4638    262205    275    2015 11 20 14 40 34    0.63994    1.02148    0.425265
4638    262205    276    2015 11 20 14 40 57    0.641233    1.02508    0.426471
4638    262205    277    2015 11 20 14 41 21    0.157076    0.170878    0.083007
4638    262205    278    2015 11 20 14 41 44    0    -0    0
4638    262205    279    2015 11 20 14 42 7    0    -0    0
4638    262205    280    2015 11 20 14 42 31    0    -0    0
4638    262205    281    2015 11 20 14 42 54    0    -0    0
