4634    262163    1    2015 11 19 17 41 33    0.329087    0.399116    0.186318
4634    262163    2    2015 11 19 17 41 56    0.376099    0.471764    0.217404
4634    262163    3    2015 11 19 17 42 20    0.376099    0.471764    0.217404
4634    262163    4    2015 11 19 17 42 43    0.369744    0.46163    0.213119
4634    262163    5    2015 11 19 17 43 6    0.369744    0.46163    0.213119
4634    262163    6    2015 11 19 17 43 29    0.369744    0.46163    0.213119
4634    262163    7    2015 11 19 17 43 53    0.369098    0.460604    0.212685
4634    262163    8    2015 11 19 17 44 16    0.370391    0.462656    0.213554
4634    262163    9    2015 11 19 17 44 39    0.369744    0.46163    0.213119
4634    262163    10    2015 11 19 17 45 3    0.370391    0.462656    0.213554
4634    262163    11    2015 11 19 17 45 26    0.369098    0.460604    0.212685
4634    262163    12    2015 11 19 17 45 49    0.368451    0.45958    0.212251
4634    262163    13    2015 11 19 17 46 13    0.367805    0.458557    0.211817
4634    262163    14    2015 11 19 17 46 36    0.367805    0.458557    0.211817
4634    262163    15    2015 11 19 17 46 59    0.368451    0.45958    0.212251
4634    262163    16    2015 11 19 17 47 23    0.367805    0.458557    0.211817
4634    262163    17    2015 11 19 17 47 46    0.367805    0.458557    0.211817
4634    262163    18    2015 11 19 17 48 9    0.367805    0.458557    0.211817
4634    262163    19    2015 11 19 17 48 33    0.367805    0.458557    0.211817
4634    262163    20    2015 11 19 17 48 56    0.367805    0.458557    0.211817
4634    262163    21    2015 11 19 17 49 19    0.367805    0.458557    0.211817
4634    262163    22    2015 11 19 17 49 42    0.367805    0.458557    0.211817
4634    262163    23    2015 11 19 17 50 6    0.367805    0.458557    0.211817
4634    262163    24    2015 11 19 17 50 29    0.367159    0.457535    0.211383
4634    262163    25    2015 11 19 17 50 52    0.367805    0.458557    0.211817
4634    262163    26    2015 11 19 17 51 16    0.368451    0.45958    0.212251
4634    262163    27    2015 11 19 17 51 39    0.367805    0.458557    0.211817
4634    262163    28    2015 11 19 17 52 2    0.368451    0.45958    0.212251
4634    262163    29    2015 11 19 17 52 26    0.368451    0.45958    0.212251
4634    262163    30    2015 11 19 17 52 49    0.368451    0.45958    0.212251
4634    262163    31    2015 11 19 17 53 12    0.368451    0.45958    0.212251
4634    262163    32    2015 11 19 17 53 36    0.368451    0.45958    0.212251
4634    262163    33    2015 11 19 17 53 59    0.368451    0.45958    0.212251
4634    262163    34    2015 11 19 17 54 22    0.367805    0.458557    0.211817
4634    262163    35    2015 11 19 17 54 45    0.367805    0.458557    0.211817
4634    262163    36    2015 11 19 17 55 9    0.367159    0.457535    0.211383
4634    262163    37    2015 11 19 17 55 32    0.367805    0.458557    0.211817
4634    262163    38    2015 11 19 17 55 55    0.367159    0.457535    0.211383
4634    262163    39    2015 11 19 17 56 19    0.367159    0.457535    0.211383
4634    262163    40    2015 11 19 17 56 42    0.367159    0.457535    0.211383
4634    262163    41    2015 11 19 17 57 5    0.367159    0.457535    0.211383
4634    262163    42    2015 11 19 17 57 29    0.367159    0.457535    0.211383
4634    262163    43    2015 11 19 17 57 52    0.367159    0.457535    0.211383
4634    262163    44    2015 11 19 17 58 15    0.366512    0.456514    0.21095
4634    262163    45    2015 11 19 17 58 39    0.367159    0.457535    0.211383
4634    262163    46    2015 11 19 17 59 2    0.367159    0.457535    0.211383
4634    262163    47    2015 11 19 17 59 25    0.367805    0.458557    0.211817
4634    262163    48    2015 11 19 17 59 49    0.367159    0.457535    0.211383
4634    262163    49    2015 11 19 18 0 12    0.367805    0.458557    0.211817
4634    262163    50    2015 11 19 18 0 35    0.367159    0.457535    0.211383
4634    262163    51    2015 11 19 18 0 58    0.367805    0.458557    0.211817
4634    262163    52    2015 11 19 18 1 22    0.367159    0.457535    0.211383
4634    262163    53    2015 11 19 18 1 45    0.367805    0.458557    0.211817
4634    262163    54    2015 11 19 18 2 8    0.367159    0.457535    0.211383
4634    262163    55    2015 11 19 18 2 32    0.367159    0.457535    0.211383
4634    262163    56    2015 11 19 18 2 55    0.367159    0.457535    0.211383
4634    262163    57    2015 11 19 18 3 18    0.367159    0.457535    0.211383
4634    262163    58    2015 11 19 18 3 42    0.367159    0.457535    0.211383
4634    262163    59    2015 11 19 18 4 5    0.367159    0.457535    0.211383
4634    262163    60    2015 11 19 18 4 28    0.367805    0.458557    0.211817
4634    262163    61    2015 11 19 18 4 52    0.367159    0.457535    0.211383
4634    262163    62    2015 11 19 18 5 15    0.366512    0.456514    0.21095
4634    262163    63    2015 11 19 18 5 38    0.366512    0.456514    0.21095
4634    262163    64    2015 11 19 18 6 1    0.365866    0.455495    0.210517
4634    262163    65    2015 11 19 18 6 25    0.366512    0.456514    0.21095
4634    262163    66    2015 11 19 18 6 48    0.365866    0.455495    0.210517
4634    262163    67    2015 11 19 18 7 11    0.366512    0.456514    0.21095
4634    262163    68    2015 11 19 18 7 35    0.366512    0.456514    0.21095
4634    262163    69    2015 11 19 18 7 58    0.366512    0.456514    0.21095
4634    262163    70    2015 11 19 18 8 21    0.366512    0.456514    0.21095
4634    262163    71    2015 11 19 18 8 45    0.366512    0.456514    0.21095
4634    262163    72    2015 11 19 18 9 8    0.367159    0.457535    0.211383
4634    262163    73    2015 11 19 18 9 31    0.367159    0.457535    0.211383
4634    262163    74    2015 11 19 18 9 55    0.366512    0.456514    0.21095
4634    262163    75    2015 11 19 18 10 18    0.366512    0.456514    0.21095
4634    262163    76    2015 11 19 18 10 41    0.366512    0.456514    0.21095
4634    262163    77    2015 11 19 18 11 5    0.366512    0.456514    0.21095
4634    262163    78    2015 11 19 18 11 28    0.366512    0.456514    0.21095
4634    262163    79    2015 11 19 18 11 51    0.366512    0.456514    0.21095
4634    262163    80    2015 11 19 18 12 14    0.365866    0.455495    0.210517
4634    262163    81    2015 11 19 18 12 38    0.366512    0.456514    0.21095
4634    262163    82    2015 11 19 18 13 1    0.365866    0.455495    0.210517
4634    262163    83    2015 11 19 18 13 24    0.366512    0.456514    0.21095
4634    262163    84    2015 11 19 18 13 48    0.365866    0.455495    0.210517
4634    262163    85    2015 11 19 18 14 11    0.365219    0.454476    0.210084
4634    262163    86    2015 11 19 18 14 34    0.365866    0.455495    0.210517
4634    262163    87    2015 11 19 18 14 58    0.365866    0.455495    0.210517
4634    262163    88    2015 11 19 18 15 21    0.366512    0.456514    0.21095
4634    262163    89    2015 11 19 18 15 44    0.365219    0.454476    0.210084
4634    262163    90    2015 11 19 18 16 8    0.365866    0.455495    0.210517
4634    262163    91    2015 11 19 18 16 31    0.365866    0.455495    0.210517
4634    262163    92    2015 11 19 18 16 54    0.366512    0.456514    0.21095
4634    262163    93    2015 11 19 18 17 17    0.365866    0.455495    0.210517
4634    262163    94    2015 11 19 18 17 41    0.365866    0.455495    0.210517
4634    262163    95    2015 11 19 18 18 4    0.365866    0.455495    0.210517
4634    262163    96    2015 11 19 18 18 27    0.365866    0.455495    0.210517
4634    262163    97    2015 11 19 18 18 51    0.365219    0.454476    0.210084
4634    262163    98    2015 11 19 18 19 14    0.365866    0.455495    0.210517
4634    262163    99    2015 11 19 18 19 37    0.365219    0.454476    0.210084
4634    262163    100    2015 11 19 18 20 1    0.365866    0.455495    0.210517
4634    262163    101    2015 11 19 18 20 24    0.365219    0.454476    0.210084
4634    262163    102    2015 11 19 18 20 47    0.365219    0.454476    0.210084
4634    262163    103    2015 11 19 18 21 11    0.365219    0.454476    0.210084
4634    262163    104    2015 11 19 18 21 34    0.365219    0.454476    0.210084
4634    262163    105    2015 11 19 18 21 57    0.364573    0.453458    0.209652
4634    262163    106    2015 11 19 18 22 21    0.365866    0.455495    0.210517
4634    262163    107    2015 11 19 18 22 44    0.365866    0.455495    0.210517
4634    262163    108    2015 11 19 18 23 7    0.364573    0.453458    0.209652
4634    262163    109    2015 11 19 18 23 30    0.365219    0.454476    0.210084
4634    262163    110    2015 11 19 18 23 54    0.364573    0.453458    0.209652
4634    262163    111    2015 11 19 18 24 17    0.363926    0.452441    0.20922
4634    262163    112    2015 11 19 18 24 40    0.364573    0.453458    0.209652
4634    262163    113    2015 11 19 18 25 4    0.363926    0.452441    0.20922
4634    262163    114    2015 11 19 18 25 27    0.36328    0.451425    0.208788
4634    262163    115    2015 11 19 18 25 50    0.36328    0.451425    0.208788
4634    262163    116    2015 11 19 18 26 14    0.363926    0.452441    0.20922
4634    262163    117    2015 11 19 18 26 37    0.36328    0.451425    0.208788
4634    262163    118    2015 11 19 18 27 0    0.36328    0.451425    0.208788
4634    262163    119    2015 11 19 18 27 24    0.36328    0.451425    0.208788
4634    262163    120    2015 11 19 18 27 47    0.363926    0.452441    0.20922
4634    262163    121    2015 11 19 18 28 10    0.363926    0.452441    0.20922
4634    262163    122    2015 11 19 18 28 33    0.364573    0.453458    0.209652
4634    262163    123    2015 11 19 18 28 57    0.363926    0.452441    0.20922
4634    262163    124    2015 11 19 18 29 20    0.363926    0.452441    0.20922
4634    262163    125    2015 11 19 18 29 43    0.364573    0.453458    0.209652
4634    262163    126    2015 11 19 18 30 7    0.36328    0.451425    0.208788
4634    262163    127    2015 11 19 18 30 30    0.363926    0.452441    0.20922
4634    262163    128    2015 11 19 18 30 53    0.36328    0.451425    0.208788
4634    262163    129    2015 11 19 18 31 17    0.363926    0.452441    0.20922
4634    262163    130    2015 11 19 18 31 40    0.363926    0.452441    0.20922
4634    262163    131    2015 11 19 18 32 3    0.36328    0.451425    0.208788
4634    262163    132    2015 11 19 18 32 27    0.363926    0.452441    0.20922
4634    262163    133    2015 11 19 18 32 50    0.36328    0.451425    0.208788
4634    262163    134    2015 11 19 18 33 13    0.362634    0.450411    0.208356
4634    262163    135    2015 11 19 18 33 37    0.36328    0.451425    0.208788
4634    262163    136    2015 11 19 18 34 0    0.36328    0.451425    0.208788
4634    262163    137    2015 11 19 18 34 23    0.36328    0.451425    0.208788
4634    262163    138    2015 11 19 18 34 46    0.362634    0.450411    0.208356
4634    262163    139    2015 11 19 18 35 10    0.363926    0.452441    0.20922
4634    262163    140    2015 11 19 18 35 33    0.362634    0.450411    0.208356
4634    262163    141    2015 11 19 18 35 56    0.362634    0.450411    0.208356
4634    262163    142    2015 11 19 18 36 20    0.36328    0.451425    0.208788
4634    262163    143    2015 11 19 18 36 43    0.36328    0.451425    0.208788
4634    262163    144    2015 11 19 18 37 6    0.361987    0.449397    0.207925
4634    262163    145    2015 11 19 18 37 30    0.36328    0.451425    0.208788
4634    262163    146    2015 11 19 18 37 53    0.362634    0.450411    0.208356
4634    262163    147    2015 11 19 18 38 16    0.362634    0.450411    0.208356
4634    262163    148    2015 11 19 18 38 40    0.362634    0.450411    0.208356
4634    262163    149    2015 11 19 18 39 3    0.361987    0.449397    0.207925
4634    262163    150    2015 11 19 18 39 26    0.361341    0.448384    0.207494
4634    262163    151    2015 11 19 18 39 49    0.361341    0.448384    0.207494
4634    262163    152    2015 11 19 18 40 13    0.361987    0.449397    0.207925
4634    262163    153    2015 11 19 18 40 36    0.361987    0.449397    0.207925
4634    262163    154    2015 11 19 18 40 59    0.361341    0.448384    0.207494
4634    262163    155    2015 11 19 18 41 23    0.361341    0.448384    0.207494
4634    262163    156    2015 11 19 18 41 46    0.361341    0.448384    0.207494
4634    262163    157    2015 11 19 18 42 9    0.361341    0.448384    0.207494
4634    262163    158    2015 11 19 18 42 33    0.361341    0.448384    0.207494
4634    262163    159    2015 11 19 18 42 56    0.361987    0.449397    0.207925
4634    262163    160    2015 11 19 18 43 19    0.361341    0.448384    0.207494
4634    262163    161    2015 11 19 18 43 43    0.360694    0.447373    0.207063
4634    262163    162    2015 11 19 18 44 6    0.360694    0.447373    0.207063
4634    262163    163    2015 11 19 18 44 29    0.361341    0.448384    0.207494
4634    262163    164    2015 11 19 18 44 53    0.361341    0.448384    0.207494
4634    262163    165    2015 11 19 18 45 16    0.360694    0.447373    0.207063
4634    262163    166    2015 11 19 18 45 39    0.361341    0.448384    0.207494
4634    262163    167    2015 11 19 18 46 2    0.360694    0.447373    0.207063
4634    262163    168    2015 11 19 18 46 26    0.361341    0.448384    0.207494
4634    262163    169    2015 11 19 18 46 49    0.360694    0.447373    0.207063
4634    262163    170    2015 11 19 18 47 12    0.361341    0.448384    0.207494
4634    262163    171    2015 11 19 18 47 36    0.360048    0.446362    0.206633
4634    262163    172    2015 11 19 18 47 59    0.360694    0.447373    0.207063
4634    262163    173    2015 11 19 18 48 22    0.360694    0.447373    0.207063
4634    262163    174    2015 11 19 18 48 46    0.361341    0.448384    0.207494
4634    262163    175    2015 11 19 18 49 9    0.360694    0.447373    0.207063
4634    262163    176    2015 11 19 18 49 32    0.360694    0.447373    0.207063
4634    262163    177    2015 11 19 18 49 56    0.360048    0.446362    0.206633
4634    262163    178    2015 11 19 18 50 19    0.360048    0.446362    0.206633
4634    262163    179    2015 11 19 18 50 42    0.360048    0.446362    0.206633
4634    262163    180    2015 11 19 18 51 6    0.359402    0.445352    0.206202
4634    262163    181    2015 11 19 18 51 29    0.359402    0.445352    0.206202
4634    262163    182    2015 11 19 18 51 52    0.360048    0.446362    0.206633
4634    262163    183    2015 11 19 18 52 15    0.359402    0.445352    0.206202
4634    262163    184    2015 11 19 18 52 39    0.359402    0.445352    0.206202
4634    262163    185    2015 11 19 18 53 2    0.359402    0.445352    0.206202
4634    262163    186    2015 11 19 18 53 25    0.358755    0.444344    0.205772
4634    262163    187    2015 11 19 18 53 49    0.359402    0.445352    0.206202
4634    262163    188    2015 11 19 18 54 12    0.359402    0.445352    0.206202
4634    262163    189    2015 11 19 18 54 35    0.359402    0.445352    0.206202
4634    262163    190    2015 11 19 18 54 59    0.358755    0.444344    0.205772
4634    262163    191    2015 11 19 18 55 22    0.358755    0.444344    0.205772
4634    262163    192    2015 11 19 18 55 45    0.358755    0.444344    0.205772
4634    262163    193    2015 11 19 18 56 9    0.359402    0.445352    0.206202
4634    262163    194    2015 11 19 18 56 32    0.358109    0.443336    0.205343
4634    262163    195    2015 11 19 18 56 55    0.358755    0.444344    0.205772
4634    262163    196    2015 11 19 18 57 18    0.358755    0.444344    0.205772
4634    262163    197    2015 11 19 18 57 42    0.358755    0.444344    0.205772
4634    262163    198    2015 11 19 18 58 5    0.359402    0.445352    0.206202
4634    262163    199    2015 11 19 18 58 28    0.358109    0.443336    0.205343
4634    262163    200    2015 11 19 18 58 52    0.359402    0.445352    0.206202
4634    262163    201    2015 11 19 18 59 15    0.358755    0.444344    0.205772
4634    262163    202    2015 11 19 18 59 38    0.358755    0.444344    0.205772
4634    262163    203    2015 11 19 19 0 2    0.357462    0.44233    0.204913
4634    262163    204    2015 11 19 19 0 25    0.357462    0.44233    0.204913
4634    262163    205    2015 11 19 19 0 48    0.357462    0.44233    0.204913
4634    262163    206    2015 11 19 19 1 12    0.357462    0.44233    0.204913
4634    262163    207    2015 11 19 19 1 35    0.356816    0.441324    0.204484
4634    262163    208    2015 11 19 19 1 58    0.356816    0.441324    0.204484
4634    262163    209    2015 11 19 19 2 22    0.358109    0.443336    0.205343
4634    262163    210    2015 11 19 19 2 45    0.356169    0.44032    0.204055
4634    262163    211    2015 11 19 19 3 8    0.358109    0.443336    0.205343
4634    262163    212    2015 11 19 19 3 31    0.356816    0.441324    0.204484
4634    262163    213    2015 11 19 19 3 55    0.356169    0.44032    0.204055
4634    262163    214    2015 11 19 19 4 18    0.357462    0.44233    0.204913
4634    262163    215    2015 11 19 19 4 41    0.356816    0.441324    0.204484
4634    262163    216    2015 11 19 19 5 5    0.356816    0.441324    0.204484
4634    262163    217    2015 11 19 19 5 28    0.356169    0.44032    0.204055
4634    262163    218    2015 11 19 19 5 51    0.356816    0.441324    0.204484
4634    262163    219    2015 11 19 19 6 15    0.356169    0.44032    0.204055
4634    262163    220    2015 11 19 19 6 38    0.356816    0.441324    0.204484
4634    262163    221    2015 11 19 19 7 1    0.356816    0.441324    0.204484
4634    262163    222    2015 11 19 19 7 25    0.356169    0.44032    0.204055
4634    262163    223    2015 11 19 19 7 48    0.356169    0.44032    0.204055
4634    262163    224    2015 11 19 19 8 11    0.356169    0.44032    0.204055
4634    262163    225    2015 11 19 19 8 34    0.356169    0.44032    0.204055
4634    262163    226    2015 11 19 19 8 58    0.356169    0.44032    0.204055
4634    262163    227    2015 11 19 19 9 21    0.356169    0.44032    0.204055
4634    262163    228    2015 11 19 19 9 44    0.355523    0.439316    0.203626
4634    262163    229    2015 11 19 19 10 8    0.356169    0.44032    0.204055
4634    262163    230    2015 11 19 19 10 31    0.355523    0.439316    0.203626
4634    262163    231    2015 11 19 19 10 54    0.355523    0.439316    0.203626
4634    262163    232    2015 11 19 19 11 18    0.356169    0.44032    0.204055
4634    262163    233    2015 11 19 19 11 41    0.354877    0.438314    0.203198
4634    262163    234    2015 11 19 19 12 4    0.355523    0.439316    0.203626
4634    262165    1    2015 11 19 21 47 29    0.282074    0.331389    0.15656
4634    262165    2    2015 11 19 21 47 52    0.329087    0.399116    0.186318
4634    262165    3    2015 11 19 21 48 15    0.317386    0.381826    0.178793
4634    262165    4    2015 11 19 21 48 39    0.318032    0.382773    0.179207
4634    262165    5    2015 11 19 21 49 2    0.319324    0.384668    0.180034
4634    262165    6    2015 11 19 21 49 25    0.318032    0.382773    0.179207
4634    262165    7    2015 11 19 21 49 48    0.320617    0.38657    0.180863
4634    262165    8    2015 11 19 21 50 12    0.31997    0.385619    0.180448
4634    262165    9    2015 11 19 21 50 35    0.320617    0.38657    0.180863
4634    262165    10    2015 11 19 21 50 58    0.320617    0.38657    0.180863
4634    262165    11    2015 11 19 21 51 22    0.320617    0.38657    0.180863
4634    262165    12    2015 11 19 21 51 45    0.321263    0.387522    0.181278
4634    262165    13    2015 11 19 21 52 8    0.321263    0.387522    0.181278
4634    262165    14    2015 11 19 21 52 32    0.321263    0.387522    0.181278
4634    262165    15    2015 11 19 21 52 55    0.321263    0.387522    0.181278
4634    262165    16    2015 11 19 21 53 18    0.321263    0.387522    0.181278
4634    262165    17    2015 11 19 21 53 42    0.321263    0.387522    0.181278
4634    262165    18    2015 11 19 21 54 5    0.320617    0.38657    0.180863
4634    262165    19    2015 11 19 21 54 28    0    -0    0
4634    262165    20    2015 11 19 21 54 52    0.321909    0.388474    0.181693
4634    262165    21    2015 11 19 21 55 15    0.321263    0.387522    0.181278
4634    262165    22    2015 11 19 21 55 38    0.320617    0.38657    0.180863
4634    262165    23    2015 11 19 21 56 1    0.320617    0.38657    0.180863
4634    262165    24    2015 11 19 21 56 25    0.320617    0.38657    0.180863
4634    262165    25    2015 11 19 21 56 48    0.31997    0.385619    0.180448
4634    262165    26    2015 11 19 21 57 11    0.320617    0.38657    0.180863
4634    262165    27    2015 11 19 21 57 35    0.320617    0.38657    0.180863
4634    262165    28    2015 11 19 21 57 58    0.319324    0.384668    0.180034
4634    262165    29    2015 11 19 21 58 21    0.31997    0.385619    0.180448
4634    262165    30    2015 11 19 21 58 45    0.31997    0.385619    0.180448
4634    262165    31    2015 11 19 21 59 8    0.319324    0.384668    0.180034
4634    262165    32    2015 11 19 21 59 31    0.31997    0.385619    0.180448
4634    262165    33    2015 11 19 21 59 55    0.319324    0.384668    0.180034
4634    262165    34    2015 11 19 22 0 18    0.319324    0.384668    0.180034
4634    262165    35    2015 11 19 22 0 41    0.31997    0.385619    0.180448
4634    262165    36    2015 11 19 22 1 4    0.319324    0.384668    0.180034
4634    262165    37    2015 11 19 22 1 28    0.319324    0.384668    0.180034
4634    262165    38    2015 11 19 22 1 51    0.31997    0.385619    0.180448
4634    262165    39    2015 11 19 22 2 14    0.319324    0.384668    0.180034
4634    262165    40    2015 11 19 22 2 38    0.31997    0.385619    0.180448
4634    262165    41    2015 11 19 22 3 1    0.319324    0.384668    0.180034
4634    262165    42    2015 11 19 22 3 24    0.319324    0.384668    0.180034
4634    262165    43    2015 11 19 22 3 48    0.319324    0.384668    0.180034
4634    262165    44    2015 11 19 22 4 11    0.319324    0.384668    0.180034
4634    262165    45    2015 11 19 22 4 34    0.319324    0.384668    0.180034
4634    262165    46    2015 11 19 22 4 58    0.318677    0.383719    0.17962
4634    262165    47    2015 11 19 22 5 21    0.319324    0.384668    0.180034
4634    262165    48    2015 11 19 22 5 44    0.319324    0.384668    0.180034
4634    262165    49    2015 11 19 22 6 8    0.318677    0.383719    0.17962
4634    262165    50    2015 11 19 22 6 31    0.319324    0.384668    0.180034
4634    262165    51    2015 11 19 22 6 54    0.318677    0.383719    0.17962
4634    262165    52    2015 11 19 22 7 17    0.318677    0.383719    0.17962
4634    262165    53    2015 11 19 22 7 41    0.318677    0.383719    0.17962
4634    262165    54    2015 11 19 22 8 4    0.319324    0.384668    0.180034
4634    262165    55    2015 11 19 22 8 27    0.318677    0.383719    0.17962
4634    262165    56    2015 11 19 22 8 51    0.318677    0.383719    0.17962
4634    262165    57    2015 11 19 22 9 14    0.318677    0.383719    0.17962
4634    262165    58    2015 11 19 22 9 37    0.318677    0.383719    0.17962
4634    262165    59    2015 11 19 22 10 1    0.318032    0.382773    0.179207
4634    262165    60    2015 11 19 22 10 24    0.318677    0.383719    0.17962
4634    262165    61    2015 11 19 22 10 47    0.318677    0.383719    0.17962
4634    262165    62    2015 11 19 22 11 11    0.318032    0.382773    0.179207
4634    262165    63    2015 11 19 22 11 34    0.318677    0.383719    0.17962
4634    262165    64    2015 11 19 22 11 57    0.318032    0.382773    0.179207
4634    262165    65    2015 11 19 22 12 20    0.318677    0.383719    0.17962
4634    262165    66    2015 11 19 22 12 44    0.318032    0.382773    0.179207
4634    262165    67    2015 11 19 22 13 7    0.318677    0.383719    0.17962
4634    262165    68    2015 11 19 22 13 30    0.318032    0.382773    0.179207
4634    262165    69    2015 11 19 22 13 54    0.318032    0.382773    0.179207
4634    262165    70    2015 11 19 22 14 17    0.318032    0.382773    0.179207
4634    262165    71    2015 11 19 22 14 40    0.318032    0.382773    0.179207
4634    262165    72    2015 11 19 22 15 4    0.317386    0.381826    0.178793
4634    262165    73    2015 11 19 22 15 27    0.317386    0.381826    0.178793
4634    262165    74    2015 11 19 22 15 50    0.317386    0.381826    0.178793
4634    262165    75    2015 11 19 22 16 14    0.318032    0.382773    0.179207
4634    262165    76    2015 11 19 22 16 37    0.31674    0.380879    0.17838
4634    262165    77    2015 11 19 22 17 0    0.31674    0.380879    0.17838
4634    262165    78    2015 11 19 22 17 24    0.316093    0.379934    0.177966
4634    262165    79    2015 11 19 22 17 47    0.31674    0.380879    0.17838
4634    262165    80    2015 11 19 22 18 10    0.31674    0.380879    0.17838
4634    262165    81    2015 11 19 22 18 33    0.31674    0.380879    0.17838
4634    262165    82    2015 11 19 22 18 57    0.31674    0.380879    0.17838
4634    262165    83    2015 11 19 22 19 20    0.316093    0.379934    0.177966
4634    262165    84    2015 11 19 22 19 43    0.317386    0.381826    0.178793
4634    262165    85    2015 11 19 22 20 7    0.31674    0.380879    0.17838
4634    262165    86    2015 11 19 22 20 30    0.316093    0.379934    0.177966
4634    262165    87    2015 11 19 22 20 53    0.31674    0.380879    0.17838
4634    262165    88    2015 11 19 22 21 17    0.316093    0.379934    0.177966
4634    262165    89    2015 11 19 22 21 40    0.31674    0.380879    0.17838
4634    262165    90    2015 11 19 22 22 3    0.316093    0.379934    0.177966
4634    262165    91    2015 11 19 22 22 27    0.316093    0.379934    0.177966
4634    262165    92    2015 11 19 22 22 50    0.316093    0.379934    0.177966
4634    262165    93    2015 11 19 22 23 13    0.316093    0.379934    0.177966
4634    262165    94    2015 11 19 22 23 36    0.315447    0.378989    0.177554
4634    262165    95    2015 11 19 22 24 0    0.315447    0.378989    0.177554
4634    262165    96    2015 11 19 22 24 23    0.315447    0.378989    0.177554
4634    262165    97    2015 11 19 22 24 46    0.316093    0.379934    0.177966
4634    262165    98    2015 11 19 22 25 10    0.315447    0.378989    0.177554
4634    262165    99    2015 11 19 22 25 33    0.3148    0.378045    0.177141
4634    262165    100    2015 11 19 22 25 56    0.315447    0.378989    0.177554
4634    262165    101    2015 11 19 22 26 20    0.315447    0.378989    0.177554
4634    262165    102    2015 11 19 22 26 43    0.315447    0.378989    0.177554
4634    262165    103    2015 11 19 22 27 6    0.3148    0.378045    0.177141
4634    262165    104    2015 11 19 22 27 30    0.3148    0.378045    0.177141
4634    262165    105    2015 11 19 22 27 53    0.3148    0.378045    0.177141
4634    262165    106    2015 11 19 22 28 16    0.3148    0.378045    0.177141
4634    262165    107    2015 11 19 22 28 40    0.314154    0.377102    0.176729
4634    262165    108    2015 11 19 22 29 3    0.314154    0.377102    0.176729
4634    262165    109    2015 11 19 22 29 26    0.3148    0.378045    0.177141
4634    262165    110    2015 11 19 22 29 49    0.314154    0.377102    0.176729
4634    262165    111    2015 11 19 22 30 13    0.314154    0.377102    0.176729
4634    262165    112    2015 11 19 22 30 36    0.313507    0.37616    0.176316
4634    262165    113    2015 11 19 22 30 59    0.314154    0.377102    0.176729
4634    262165    114    2015 11 19 22 31 23    0.314154    0.377102    0.176729
4634    262165    115    2015 11 19 22 31 46    0.313507    0.37616    0.176316
4634    262165    116    2015 11 19 22 32 9    0.314154    0.377102    0.176729
4634    262165    117    2015 11 19 22 32 33    0.313507    0.37616    0.176316
4634    262165    118    2015 11 19 22 32 56    0.313507    0.37616    0.176316
4634    262165    119    2015 11 19 22 33 19    0.313507    0.37616    0.176316
4634    262165    120    2015 11 19 22 33 43    0.313507    0.37616    0.176316
4634    262165    121    2015 11 19 22 34 6    0.313507    0.37616    0.176316
4634    262165    122    2015 11 19 22 34 29    0.313507    0.37616    0.176316
4634    262165    123    2015 11 19 22 34 52    0.313507    0.37616    0.176316
4634    262165    124    2015 11 19 22 35 16    0.312861    0.375219    0.175904
4634    262165    125    2015 11 19 22 35 39    0.313507    0.37616    0.176316
4634    262165    126    2015 11 19 22 36 2    0.312861    0.375219    0.175904
4634    262165    127    2015 11 19 22 36 26    0.312861    0.375219    0.175904
4634    262165    128    2015 11 19 22 36 49    0.312861    0.375219    0.175904
4634    262165    129    2015 11 19 22 37 12    0.312861    0.375219    0.175904
4634    262165    130    2015 11 19 22 37 36    0.312861    0.375219    0.175904
4634    262165    131    2015 11 19 22 37 59    0.312861    0.375219    0.175904
4634    262165    132    2015 11 19 22 38 22    0.312861    0.375219    0.175904
4634    262167    1    2015 11 19 22 41 48    0.282074    0.331389    0.15656
4634    262167    2    2015 11 19 22 42 11    0.329087    0.399116    0.186318
4634    262167    3    2015 11 19 22 42 34    0.282074    0.331389    0.15656
4634    262167    4    2015 11 19 22 42 58    0.311568    0.373339    0.175081
4634    262167    5    2015 11 19 22 43 21    0.311568    0.373339    0.175081
4634    262167    6    2015 11 19 22 43 44    0.312215    0.374278    0.175493
4634    262167    7    2015 11 19 22 44 7    0.311568    0.373339    0.175081
4634    262167    8    2015 11 19 22 44 31    0.311568    0.373339    0.175081
4634    262167    9    2015 11 19 22 44 54    0.311568    0.373339    0.175081
4634    262167    10    2015 11 19 22 45 17    0.311568    0.373339    0.175081
4634    262167    11    2015 11 19 22 45 41    0.312215    0.374278    0.175493
4634    262167    12    2015 11 19 22 46 4    0.310922    0.372401    0.17467
4634    262167    13    2015 11 19 22 46 27    0.310922    0.372401    0.17467
4634    262167    14    2015 11 19 22 46 51    0.311568    0.373339    0.175081
4634    262167    15    2015 11 19 22 47 14    0.311568    0.373339    0.175081
4634    262167    16    2015 11 19 22 47 37    0.311568    0.373339    0.175081
4634    262167    17    2015 11 19 22 48 1    0.311568    0.373339    0.175081
4634    262167    18    2015 11 19 22 48 24    0.310922    0.372401    0.17467
4634    262167    19    2015 11 19 22 48 47    0.310922    0.372401    0.17467
4634    262167    20    2015 11 19 22 49 11    0.310922    0.372401    0.17467
4634    262167    21    2015 11 19 22 49 34    0.310922    0.372401    0.17467
4634    262167    22    2015 11 19 22 49 57    0.311568    0.373339    0.175081
4634    262167    23    2015 11 19 22 50 20    0.310922    0.372401    0.17467
4634    262167    24    2015 11 19 22 50 44    0.310922    0.372401    0.17467
4634    262167    25    2015 11 19 22 51 7    0.310275    0.371463    0.174259
4634    262167    26    2015 11 19 22 51 30    0.310275    0.371463    0.174259
4634    262167    27    2015 11 19 22 51 54    0.310922    0.372401    0.17467
4634    262167    28    2015 11 19 22 52 17    0.310275    0.371463    0.174259
4634    262167    29    2015 11 19 22 52 40    0.310275    0.371463    0.174259
4634    262167    30    2015 11 19 22 53 4    0.310275    0.371463    0.174259
4634    262167    31    2015 11 19 22 53 27    0.310275    0.371463    0.174259
4634    262167    32    2015 11 19 22 53 50    0.310922    0.372401    0.17467
4634    262167    33    2015 11 19 22 54 14    0.309629    0.370526    0.173848
4634    262167    34    2015 11 19 22 54 37    0.310275    0.371463    0.174259
4634    262167    35    2015 11 19 22 55 0    0.310922    0.372401    0.17467
4634    262167    36    2015 11 19 22 55 23    0.310275    0.371463    0.174259
4634    262167    37    2015 11 19 22 55 47    0.309629    0.370526    0.173848
4634    262167    38    2015 11 19 22 56 10    0.310275    0.371463    0.174259
4634    262167    39    2015 11 19 22 56 33    0.309629    0.370526    0.173848
4634    262167    40    2015 11 19 22 56 57    0.310275    0.371463    0.174259
4634    262167    41    2015 11 19 22 57 20    0.309629    0.370526    0.173848
4634    262167    42    2015 11 19 22 57 43    0.309629    0.370526    0.173848
4634    262167    43    2015 11 19 22 58 7    0.309629    0.370526    0.173848
4634    262167    44    2015 11 19 22 58 30    0.310275    0.371463    0.174259
4634    262167    45    2015 11 19 22 58 53    0.309629    0.370526    0.173848
4634    262167    46    2015 11 19 22 59 17    0.309629    0.370526    0.173848
4634    262167    47    2015 11 19 22 59 40    0.308983    0.36959    0.173438
4634    262167    48    2015 11 19 23 0 3    0.308983    0.36959    0.173438
4634    262167    49    2015 11 19 23 0 27    0.309629    0.370526    0.173848
4634    262167    50    2015 11 19 23 0 50    0.308983    0.36959    0.173438
4634    262167    51    2015 11 19 23 1 13    0.308336    0.368655    0.173028
4634    262167    52    2015 11 19 23 1 36    0.308983    0.36959    0.173438
4634    262167    53    2015 11 19 23 2 0    0.308983    0.36959    0.173438
4634    262167    54    2015 11 19 23 2 23    0.308983    0.36959    0.173438
4634    262167    55    2015 11 19 23 2 46    0.308336    0.368655    0.173028
4634    262167    56    2015 11 19 23 3 10    0.308983    0.36959    0.173438
4634    262167    57    2015 11 19 23 3 33    0.308336    0.368655    0.173028
4634    262167    58    2015 11 19 23 3 56    0.308336    0.368655    0.173028
4634    262167    59    2015 11 19 23 4 20    0.308336    0.368655    0.173028
4634    262167    60    2015 11 19 23 4 43    0.308336    0.368655    0.173028
4634    262167    61    2015 11 19 23 5 6    0.308336    0.368655    0.173028
4634    262167    62    2015 11 19 23 5 30    0.30769    0.367721    0.172618
4634    262167    63    2015 11 19 23 5 53    0.308336    0.368655    0.173028
4634    262167    64    2015 11 19 23 6 16    0.307043    0.366788    0.172208
4634    262167    65    2015 11 19 23 6 39    0.30769    0.367721    0.172618
4634    262167    66    2015 11 19 23 7 3    0.308336    0.368655    0.173028
4634    262167    67    2015 11 19 23 7 26    0.307043    0.366788    0.172208
4634    262167    68    2015 11 19 23 7 49    0.30769    0.367721    0.172618
4634    262167    69    2015 11 19 23 8 13    0.307043    0.366788    0.172208
4634    262167    70    2015 11 19 23 8 36    0.30769    0.367721    0.172618
4634    262167    71    2015 11 19 23 8 59    0.307043    0.366788    0.172208
4634    262167    72    2015 11 19 23 9 23    0.307043    0.366788    0.172208
4634    262167    73    2015 11 19 23 9 46    0.307043    0.366788    0.172208
4634    262167    74    2015 11 19 23 10 9    0.30575    0.364924    0.171389
4634    262167    75    2015 11 19 23 10 33    0.307043    0.366788    0.172208
4634    262167    76    2015 11 19 23 10 56    0.307043    0.366788    0.172208
4634    262167    77    2015 11 19 23 11 19    0.307043    0.366788    0.172208
4634    262167    78    2015 11 19 23 11 43    0.306397    0.365855    0.171798
4634    262167    79    2015 11 19 23 12 6    0.307043    0.366788    0.172208
4634    262167    80    2015 11 19 23 12 29    0.306397    0.365855    0.171798
4634    262167    81    2015 11 19 23 12 52    0.306397    0.365855    0.171798
4634    262167    82    2015 11 19 23 13 16    0.307043    0.366788    0.172208
4634    262167    83    2015 11 19 23 13 39    0.30575    0.364924    0.171389
4634    262167    84    2015 11 19 23 14 2    0.306397    0.365855    0.171798
4634    262167    85    2015 11 19 23 14 26    0.306397    0.365855    0.171798
4634    262167    86    2015 11 19 23 14 49    0.307043    0.366788    0.172208
4634    262167    87    2015 11 19 23 15 12    0.306397    0.365855    0.171798
4634    262167    88    2015 11 19 23 15 36    0.30575    0.364924    0.171389
4634    262167    89    2015 11 19 23 15 59    0.30575    0.364924    0.171389
4634    262167    90    2015 11 19 23 16 22    0.30575    0.364924    0.171389
4634    262167    91    2015 11 19 23 16 46    0.305104    0.363993    0.17098
4634    262167    92    2015 11 19 23 17 9    0.30575    0.364924    0.171389
4634    262167    93    2015 11 19 23 17 32    0.305104    0.363993    0.17098
4634    262167    94    2015 11 19 23 17 55    0.305104    0.363993    0.17098
4634    262167    95    2015 11 19 23 18 19    0.305104    0.363993    0.17098
4634    262167    96    2015 11 19 23 18 42    0.305104    0.363993    0.17098
4634    262167    97    2015 11 19 23 19 5    0.305104    0.363993    0.17098
4634    262167    98    2015 11 19 23 19 29    0.304458    0.363063    0.170571
4634    262167    99    2015 11 19 23 19 52    0.304458    0.363063    0.170571
4634    262167    100    2015 11 19 23 20 15    0.305104    0.363993    0.17098
4634    262167    101    2015 11 19 23 20 39    0.305104    0.363993    0.17098
4634    262167    102    2015 11 19 23 21 2    0.304458    0.363063    0.170571
4634    262167    103    2015 11 19 23 21 25    0.305104    0.363993    0.17098
4634    262167    104    2015 11 19 23 21 49    0.305104    0.363993    0.17098
4634    262167    105    2015 11 19 23 22 12    0.304458    0.363063    0.170571
4634    262167    106    2015 11 19 23 22 35    0.305104    0.363993    0.17098
4634    262167    107    2015 11 19 23 22 59    0.30575    0.364924    0.171389
4634    262167    108    2015 11 19 23 23 22    0.305104    0.363993    0.17098
4634    262167    109    2015 11 19 23 23 45    0.305104    0.363993    0.17098
4634    262167    110    2015 11 19 23 24 8    0.30575    0.364924    0.171389
4634    262167    111    2015 11 19 23 24 32    0.305104    0.363993    0.17098
4634    262167    112    2015 11 19 23 24 55    0.305104    0.363993    0.17098
4634    262167    113    2015 11 19 23 25 18    0.30575    0.364924    0.171389
4634    262167    114    2015 11 19 23 25 42    0.305104    0.363993    0.17098
4634    262167    115    2015 11 19 23 26 5    0.30575    0.364924    0.171389
4634    262167    116    2015 11 19 23 26 28    0.305104    0.363993    0.17098
4634    262167    117    2015 11 19 23 26 52    0.305104    0.363993    0.17098
4634    262167    118    2015 11 19 23 27 15    0.30575    0.364924    0.171389
4634    262167    119    2015 11 19 23 27 38    0.305104    0.363993    0.17098
4634    262167    120    2015 11 19 23 28 2    0.30575    0.364924    0.171389
4634    262167    121    2015 11 19 23 28 25    0.305104    0.363993    0.17098
4634    262167    122    2015 11 19 23 28 48    0.30575    0.364924    0.171389
4634    262167    123    2015 11 19 23 29 11    0.30575    0.364924    0.171389
4634    262167    124    2015 11 19 23 29 35    0.306397    0.365855    0.171798
4634    262167    125    2015 11 19 23 29 58    0.305104    0.363993    0.17098
4634    262167    126    2015 11 19 23 30 21    0.305104    0.363993    0.17098
4634    262167    127    2015 11 19 23 30 45    0.30575    0.364924    0.171389
4634    262167    128    2015 11 19 23 31 8    0.30575    0.364924    0.171389
4634    262167    129    2015 11 19 23 31 31    0.305104    0.363993    0.17098
4634    262167    130    2015 11 19 23 31 55    0.305104    0.363993    0.17098
4634    262167    131    2015 11 19 23 32 18    0.305104    0.363993    0.17098
4634    262167    132    2015 11 19 23 32 41    0.30575    0.364924    0.171389
4634    262167    133    2015 11 19 23 33 5    0.305104    0.363993    0.17098
4634    262167    134    2015 11 19 23 33 28    0.305104    0.363993    0.17098
4634    262167    135    2015 11 19 23 33 51    0.305104    0.363993    0.17098
4634    262167    136    2015 11 19 23 34 15    0.305104    0.363993    0.17098
4634    262167    137    2015 11 19 23 34 38    0.304458    0.363063    0.170571
4634    262167    138    2015 11 19 23 35 1    0.304458    0.363063    0.170571
4634    262167    139    2015 11 19 23 35 24    0.303811    0.362134    0.170163
4634    262167    140    2015 11 19 23 35 48    0.304458    0.363063    0.170571
4634    262167    141    2015 11 19 23 36 11    0.304458    0.363063    0.170571
4634    262167    142    2015 11 19 23 36 34    0.304458    0.363063    0.170571
4634    262167    143    2015 11 19 23 36 58    0.304458    0.363063    0.170571
4634    262167    144    2015 11 19 23 37 21    0.304458    0.363063    0.170571
4634    262167    145    2015 11 19 23 37 44    0.303811    0.362134    0.170163
4634    262167    146    2015 11 19 23 38 8    0.304458    0.363063    0.170571
4634    262167    147    2015 11 19 23 38 31    0.303811    0.362134    0.170163
4634    262167    148    2015 11 19 23 38 54    0.304458    0.363063    0.170571
4634    262167    149    2015 11 19 23 39 18    0.303811    0.362134    0.170163
4634    262167    150    2015 11 19 23 39 41    0.303811    0.362134    0.170163
4634    262167    151    2015 11 19 23 40 4    0.304458    0.363063    0.170571
4634    262167    152    2015 11 19 23 40 27    0.303165    0.361206    0.169754
4634    262167    153    2015 11 19 23 40 51    0.303165    0.361206    0.169754
4634    262167    154    2015 11 19 23 41 14    0.303165    0.361206    0.169754
4634    262167    155    2015 11 19 23 41 37    0.303811    0.362134    0.170163
4634    262167    156    2015 11 19 23 42 1    0.303811    0.362134    0.170163
4634    262167    157    2015 11 19 23 42 24    0.302518    0.360279    0.169346
4634    262167    158    2015 11 19 23 42 47    0.303165    0.361206    0.169754
4634    262167    159    2015 11 19 23 43 11    0.303811    0.362134    0.170163
4634    262167    160    2015 11 19 23 43 34    0.302518    0.360279    0.169346
4634    262167    161    2015 11 19 23 43 57    0.303165    0.361206    0.169754
4634    262167    162    2015 11 19 23 44 21    0.302518    0.360279    0.169346
4634    262167    163    2015 11 19 23 44 44    0.303165    0.361206    0.169754
4634    262167    164    2015 11 19 23 45 7    0.302518    0.360279    0.169346
4634    262167    165    2015 11 19 23 45 31    0.303165    0.361206    0.169754
4634    262167    166    2015 11 19 23 45 54    0.303165    0.361206    0.169754
4634    262167    167    2015 11 19 23 46 17    0.301872    0.359353    0.168938
4634    262167    168    2015 11 19 23 46 40    0.303165    0.361206    0.169754
4634    262167    169    2015 11 19 23 47 4    0.302518    0.360279    0.169346
4634    262167    170    2015 11 19 23 47 27    0.302518    0.360279    0.169346
4634    262167    171    2015 11 19 23 47 50    0.302518    0.360279    0.169346
4634    262167    172    2015 11 19 23 48 14    0.302518    0.360279    0.169346
4634    262167    173    2015 11 19 23 48 37    0.301872    0.359353    0.168938
4634    262167    174    2015 11 19 23 49 0    0.302518    0.360279    0.169346
4634    262167    175    2015 11 19 23 49 24    0.302518    0.360279    0.169346
4634    262167    176    2015 11 19 23 49 47    0.301872    0.359353    0.168938
4634    262167    177    2015 11 19 23 50 10    0.302518    0.360279    0.169346
4634    262167    178    2015 11 19 23 50 34    0.301872    0.359353    0.168938
4634    262167    179    2015 11 19 23 50 57    0.301872    0.359353    0.168938
4634    262167    180    2015 11 19 23 51 20    0.302518    0.360279    0.169346
4634    262167    181    2015 11 19 23 51 43    0.301872    0.359353    0.168938
4634    262167    182    2015 11 19 23 52 7    0.301872    0.359353    0.168938
4634    262167    183    2015 11 19 23 52 30    0.301226    0.358427    0.168531
4634    262167    184    2015 11 19 23 52 53    0.301872    0.359353    0.168938
4634    262167    185    2015 11 19 23 53 17    0.301872    0.359353    0.168938
4634    262167    186    2015 11 19 23 53 40    0.301872    0.359353    0.168938
4634    262167    187    2015 11 19 23 54 3    0.301872    0.359353    0.168938
4634    262167    188    2015 11 19 23 54 27    0.301872    0.359353    0.168938
4634    262167    189    2015 11 19 23 54 50    0.301872    0.359353    0.168938
4634    262167    190    2015 11 19 23 55 13    0.301872    0.359353    0.168938
4634    262167    191    2015 11 19 23 55 37    0.301872    0.359353    0.168938
4634    262167    192    2015 11 19 23 56 0    0.301226    0.358427    0.168531
4634    262167    193    2015 11 19 23 56 23    0.301872    0.359353    0.168938
4634    262167    194    2015 11 19 23 56 47    0.301872    0.359353    0.168938
4634    262167    195    2015 11 19 23 57 10    0.301226    0.358427    0.168531
4634    262167    196    2015 11 19 23 57 33    0.301872    0.359353    0.168938
4634    262167    197    2015 11 19 23 57 56    0.300579    0.357503    0.168123
4634    262167    198    2015 11 19 23 58 20    0.301872    0.359353    0.168938
4634    262167    199    2015 11 19 23 58 43    0.300579    0.357503    0.168123
4634    262167    200    2015 11 19 23 59 6    0.301872    0.359353    0.168938
4634    262167    201    2015 11 19 23 59 30    0.301226    0.358427    0.168531
4634    262167    202    2015 11 19 23 59 53    0.301226    0.358427    0.168531
4634    262167    203    2015 11 20 0 0 16    0.301226    0.358427    0.168531
4634    262167    204    2015 11 20 0 0 40    0.300579    0.357503    0.168123
4634    262167    205    2015 11 20 0 1 3    0.301226    0.358427    0.168531
4634    262167    206    2015 11 20 0 1 26    0.301226    0.358427    0.168531
4634    262167    207    2015 11 20 0 1 50    0.301226    0.358427    0.168531
4634    262167    208    2015 11 20 0 2 13    0.300579    0.357503    0.168123
4634    262167    209    2015 11 20 0 2 36    0.301226    0.358427    0.168531
4634    262167    210    2015 11 20 0 3 0    0.301226    0.358427    0.168531
4634    262167    211    2015 11 20 0 3 23    0.300579    0.357503    0.168123
4634    262167    212    2015 11 20 0 3 46    0.300579    0.357503    0.168123
4634    262167    213    2015 11 20 0 4 9    0.300579    0.357503    0.168123
4634    262167    214    2015 11 20 0 4 33    0.300579    0.357503    0.168123
4634    262167    215    2015 11 20 0 4 56    0.301226    0.358427    0.168531
4634    262167    216    2015 11 20 0 5 19    0.300579    0.357503    0.168123
4634    262167    217    2015 11 20 0 5 43    0.299933    0.356579    0.167716
4634    262167    218    2015 11 20 0 6 6    0.301226    0.358427    0.168531
4634    262167    219    2015 11 20 0 6 29    0.300579    0.357503    0.168123
4634    262167    220    2015 11 20 0 6 53    0.300579    0.357503    0.168123
4634    262167    221    2015 11 20 0 7 16    0.299933    0.356579    0.167716
4634    262167    222    2015 11 20 0 7 39    0.300579    0.357503    0.168123
4634    262167    223    2015 11 20 0 8 3    0.299933    0.356579    0.167716
4634    262167    224    2015 11 20 0 8 26    0.300579    0.357503    0.168123
4634    262167    225    2015 11 20 0 8 49    0.299933    0.356579    0.167716
4634    262167    226    2015 11 20 0 9 12    0.299933    0.356579    0.167716
4634    262167    227    2015 11 20 0 9 36    0.299933    0.356579    0.167716
4634    262167    228    2015 11 20 0 9 59    0.300579    0.357503    0.168123
4634    262167    229    2015 11 20 0 10 22    0.299933    0.356579    0.167716
4634    262167    230    2015 11 20 0 10 46    0.299933    0.356579    0.167716
4634    262167    231    2015 11 20 0 11 9    0.299286    0.355656    0.167309
4634    262167    232    2015 11 20 0 11 32    0.299933    0.356579    0.167716
4634    262167    233    2015 11 20 0 11 56    0.299933    0.356579    0.167716
4634    262167    234    2015 11 20 0 12 19    0.299286    0.355656    0.167309
4634    262167    235    2015 11 20 0 12 42    0.299933    0.356579    0.167716
4634    262167    236    2015 11 20 0 13 6    0.299933    0.356579    0.167716
4634    262167    237    2015 11 20 0 13 29    0.299286    0.355656    0.167309
4634    262167    238    2015 11 20 0 13 52    0.299286    0.355656    0.167309
4634    262167    239    2015 11 20 0 14 16    0.299286    0.355656    0.167309
4634    262167    240    2015 11 20 0 14 39    0.299286    0.355656    0.167309
4634    262167    241    2015 11 20 0 15 2    0.299286    0.355656    0.167309
4634    262167    242    2015 11 20 0 15 25    0.299933    0.356579    0.167716
4634    262167    243    2015 11 20 0 15 49    0.299286    0.355656    0.167309
4634    262167    244    2015 11 20 0 16 12    0.299286    0.355656    0.167309
4634    262167    245    2015 11 20 0 16 35    0.299286    0.355656    0.167309
4634    262167    246    2015 11 20 0 16 59    0.29864    0.354734    0.166903
4634    262167    247    2015 11 20 0 17 22    0.299286    0.355656    0.167309
4634    262167    248    2015 11 20 0 17 45    0.29864    0.354734    0.166903
4634    262167    249    2015 11 20 0 18 9    0.299286    0.355656    0.167309
4634    262167    250    2015 11 20 0 18 32    0.29864    0.354734    0.166903
4634    262167    251    2015 11 20 0 18 55    0.29864    0.354734    0.166903
4634    262167    252    2015 11 20 0 19 19    0.29864    0.354734    0.166903
4634    262167    253    2015 11 20 0 19 42    0.297993    0.353813    0.166496
4634    262167    254    2015 11 20 0 20 5    0.29864    0.354734    0.166903
4634    262167    255    2015 11 20 0 20 28    0.29864    0.354734    0.166903
4634    262167    256    2015 11 20 0 20 52    0.297993    0.353813    0.166496
4634    262167    257    2015 11 20 0 21 15    0.29864    0.354734    0.166903
4634    262167    258    2015 11 20 0 21 38    0.29864    0.354734    0.166903
4634    262167    259    2015 11 20 0 22 2    0.297993    0.353813    0.166496
4634    262167    260    2015 11 20 0 22 25    0.297993    0.353813    0.166496
4634    262167    261    2015 11 20 0 22 48    0.297993    0.353813    0.166496
4634    262167    262    2015 11 20 0 23 12    0.29864    0.354734    0.166903
4634    262167    263    2015 11 20 0 23 35    0.297993    0.353813    0.166496
4634    262167    264    2015 11 20 0 23 58    0.297993    0.353813    0.166496
4634    262167    265    2015 11 20 0 24 22    0.297347    0.352892    0.16609
4634    262167    266    2015 11 20 0 24 45    0.297347    0.352892    0.16609
4634    262167    267    2015 11 20 0 25 8    0.297347    0.352892    0.16609
4634    262167    268    2015 11 20 0 25 32    0.297993    0.353813    0.166496
4634    262167    269    2015 11 20 0 25 55    0.297993    0.353813    0.166496
4634    262167    270    2015 11 20 0 26 18    0.297993    0.353813    0.166496
4634    262167    271    2015 11 20 0 26 41    0.297347    0.352892    0.16609
4634    262167    272    2015 11 20 0 27 5    0.297347    0.352892    0.16609
4634    262167    273    2015 11 20 0 27 28    0.296701    0.351973    0.165684
4634    262167    274    2015 11 20 0 27 51    0.297993    0.353813    0.166496
4634    262167    275    2015 11 20 0 28 15    0.296701    0.351973    0.165684
4634    262167    276    2015 11 20 0 28 38    0.297347    0.352892    0.16609
4634    262167    277    2015 11 20 0 29 1    0.296701    0.351973    0.165684
4634    262167    278    2015 11 20 0 29 25    0.297347    0.352892    0.16609
4634    262173    1    2015 11 20 3 57 50    0.270844    0.315868    0.149633
4634    262173    2    2015 11 20 3 58 13    0.268258    0.312328    0.148048
4634    262173    3    2015 11 20 3 58 36    0.260501    0.301783    0.143313
4634    262173    4    2015 11 20 3 59 0    0.262441    0.304409    0.144494
4634    262173    5    2015 11 20 3 59 23    0.269551    0.314096    0.14884
4634    262173    6    2015 11 20 3 59 46    0.263733    0.306163    0.145282
4634    262173    7    2015 11 20 4 0 10    0.259208    0.300036    0.142527
4634    262173    8    2015 11 20 4 0 33    0.27149    0.316754    0.15003
4634    262173    9    2015 11 20 4 0 56    0.270844    0.315868    0.149633
4634    262173    10    2015 11 20 4 1 20    0.272137    0.317642    0.150427
4634    262173    11    2015 11 20 4 1 43    0.27149    0.316754    0.15003
4634    262173    12    2015 11 20 4 2 6    0.272137    0.317642    0.150427
4634    262173    13    2015 11 20 4 2 30    0.27149    0.316754    0.15003
4634    262173    14    2015 11 20 4 2 53    0.27149    0.316754    0.15003
4634    262173    15    2015 11 20 4 3 16    0.27149    0.316754    0.15003
4634    262173    16    2015 11 20 4 3 39    0.27149    0.316754    0.15003
4634    262173    17    2015 11 20 4 4 3    0.27149    0.316754    0.15003
4634    262173    18    2015 11 20 4 4 26    0.272137    0.317642    0.150427
4634    262173    19    2015 11 20 4 4 49    0.27149    0.316754    0.15003
4634    262173    20    2015 11 20 4 5 13    0.272137    0.317642    0.150427
4634    262173    21    2015 11 20 4 5 36    0.27149    0.316754    0.15003
4634    262173    22    2015 11 20 4 5 59    0.270844    0.315868    0.149633
4634    262173    23    2015 11 20 4 6 23    0.270844    0.315868    0.149633
4634    262173    24    2015 11 20 4 6 46    0.27149    0.316754    0.15003
4634    262173    25    2015 11 20 4 7 9    0.270844    0.315868    0.149633
4634    262173    26    2015 11 20 4 7 33    0.270844    0.315868    0.149633
4634    262173    27    2015 11 20 4 7 56    0.270844    0.315868    0.149633
4634    262173    28    2015 11 20 4 8 19    0.270844    0.315868    0.149633
4634    262173    29    2015 11 20 4 8 42    0.270844    0.315868    0.149633
4634    262173    30    2015 11 20 4 9 6    0.270844    0.315868    0.149633
4634    262173    31    2015 11 20 4 9 29    0.270844    0.315868    0.149633
4634    262173    32    2015 11 20 4 9 52    0.270844    0.315868    0.149633
4634    262173    33    2015 11 20 4 10 16    0.270844    0.315868    0.149633
4634    262173    34    2015 11 20 4 10 39    0.270844    0.315868    0.149633
4634    262173    35    2015 11 20 4 11 2    0.270198    0.314981    0.149237
4634    262173    36    2015 11 20 4 11 26    0.270844    0.315868    0.149633
4634    262173    37    2015 11 20 4 11 49    0.270198    0.314981    0.149237
4634    262173    38    2015 11 20 4 12 12    0.270198    0.314981    0.149237
4634    262173    39    2015 11 20 4 12 36    0.270844    0.315868    0.149633
4634    262173    40    2015 11 20 4 12 59    0.270198    0.314981    0.149237
4634    262173    41    2015 11 20 4 13 22    0.270198    0.314981    0.149237
4634    262173    42    2015 11 20 4 13 46    0.270198    0.314981    0.149237
4634    262173    43    2015 11 20 4 14 9    0.270198    0.314981    0.149237
4634    262173    44    2015 11 20 4 14 32    0.270198    0.314981    0.149237
4634    262173    45    2015 11 20 4 14 55    0.270198    0.314981    0.149237
4634    262173    46    2015 11 20 4 15 19    0.270198    0.314981    0.149237
4634    262173    47    2015 11 20 4 15 42    0.269551    0.314096    0.14884
4634    262173    48    2015 11 20 4 16 5    0.270198    0.314981    0.149237
4634    262173    49    2015 11 20 4 16 29    0.269551    0.314096    0.14884
4634    262173    50    2015 11 20 4 16 52    0.270198    0.314981    0.149237
4634    262173    51    2015 11 20 4 17 15    0.269551    0.314096    0.14884
4634    262173    52    2015 11 20 4 17 39    0.269551    0.314096    0.14884
4634    262173    53    2015 11 20 4 18 2    0.270198    0.314981    0.149237
4634    262173    54    2015 11 20 4 18 25    0.269551    0.314096    0.14884
4634    262173    55    2015 11 20 4 18 49    0.269551    0.314096    0.14884
4634    262173    56    2015 11 20 4 19 12    0.269551    0.314096    0.14884
4634    262173    57    2015 11 20 4 19 35    0.269551    0.314096    0.14884
4634    262173    58    2015 11 20 4 19 58    0.269551    0.314096    0.14884
4634    262173    59    2015 11 20 4 20 22    0.268905    0.313212    0.148444
4634    262173    60    2015 11 20 4 20 45    0.268905    0.313212    0.148444
4634    262173    61    2015 11 20 4 21 8    0.268905    0.313212    0.148444
4634    262173    62    2015 11 20 4 21 32    0.268905    0.313212    0.148444
4634    262173    63    2015 11 20 4 21 55    0.268905    0.313212    0.148444
4634    262173    64    2015 11 20 4 22 18    0.268905    0.313212    0.148444
4634    262173    65    2015 11 20 4 22 42    0.268258    0.312328    0.148048
4634    262173    66    2015 11 20 4 23 5    0.268905    0.313212    0.148444
4634    262173    67    2015 11 20 4 23 28    0.268905    0.313212    0.148444
4634    262173    68    2015 11 20 4 23 52    0.268905    0.313212    0.148444
4634    262173    69    2015 11 20 4 24 15    0.267612    0.311445    0.147652
4634    262173    70    2015 11 20 4 24 38    0.268905    0.313212    0.148444
4634    262173    71    2015 11 20 4 25 2    0.268258    0.312328    0.148048
4634    262173    72    2015 11 20 4 25 25    0.268905    0.313212    0.148444
4634    262173    73    2015 11 20 4 25 48    0.267612    0.311445    0.147652
4634    262173    74    2015 11 20 4 26 11    0.267612    0.311445    0.147652
4634    262173    75    2015 11 20 4 26 35    0.268258    0.312328    0.148048
4634    262173    76    2015 11 20 4 26 58    0.267612    0.311445    0.147652
4634    262173    77    2015 11 20 4 27 21    0.266965    0.310563    0.147257
4634    262173    78    2015 11 20 4 27 45    0.267612    0.311445    0.147652
4634    262173    79    2015 11 20 4 28 8    0.268258    0.312328    0.148048
4634    262173    80    2015 11 20 4 28 31    0.268258    0.312328    0.148048
4634    262173    81    2015 11 20 4 28 55    0.268258    0.312328    0.148048
4634    262173    82    2015 11 20 4 29 18    0.268258    0.312328    0.148048
4634    262173    83    2015 11 20 4 29 41    0.268258    0.312328    0.148048
4634    262173    84    2015 11 20 4 30 5    0.268258    0.312328    0.148048
4634    262173    85    2015 11 20 4 30 28    0.268258    0.312328    0.148048
4634    262173    86    2015 11 20 4 30 51    0.267612    0.311445    0.147652
4634    262173    87    2015 11 20 4 31 14    0.268258    0.312328    0.148048
4634    262173    88    2015 11 20 4 31 38    0.267612    0.311445    0.147652
4634    262173    89    2015 11 20 4 32 1    0.267612    0.311445    0.147652
4634    262173    90    2015 11 20 4 32 24    0.268258    0.312328    0.148048
4634    262173    91    2015 11 20 4 32 48    0.266965    0.310563    0.147257
4634    262173    92    2015 11 20 4 33 11    0.267612    0.311445    0.147652
4634    262173    93    2015 11 20 4 33 34    0.267612    0.311445    0.147652
4634    262173    94    2015 11 20 4 33 58    0.267612    0.311445    0.147652
4634    262173    95    2015 11 20 4 34 21    0.266965    0.310563    0.147257
4634    262173    96    2015 11 20 4 34 44    0.267612    0.311445    0.147652
4634    262173    97    2015 11 20 4 35 8    0.267612    0.311445    0.147652
4634    262173    98    2015 11 20 4 35 31    0.266965    0.310563    0.147257
4634    262173    99    2015 11 20 4 35 54    0.267612    0.311445    0.147652
4634    262173    100    2015 11 20 4 36 18    0.266965    0.310563    0.147257
4634    262173    101    2015 11 20 4 36 41    0.266965    0.310563    0.147257
4634    262173    102    2015 11 20 4 37 4    0.266965    0.310563    0.147257
4634    262173    103    2015 11 20 4 37 27    0.267612    0.311445    0.147652
4634    262173    104    2015 11 20 4 37 51    0.266965    0.310563    0.147257
4634    262173    105    2015 11 20 4 38 14    0.266965    0.310563    0.147257
4634    262173    106    2015 11 20 4 38 37    0.266319    0.309681    0.146861
4634    262173    107    2015 11 20 4 39 1    0.266965    0.310563    0.147257
4634    262173    108    2015 11 20 4 39 24    0.266319    0.309681    0.146861
4634    262173    109    2015 11 20 4 39 47    0.266965    0.310563    0.147257
4634    262173    110    2015 11 20 4 40 11    0.266965    0.310563    0.147257
4634    262173    111    2015 11 20 4 40 34    0.266965    0.310563    0.147257
4634    262173    112    2015 11 20 4 40 57    0.266965    0.310563    0.147257
4634    262173    113    2015 11 20 4 41 21    0.265673    0.3088    0.146466
4634    262173    114    2015 11 20 4 41 44    0.266965    0.310563    0.147257
4634    262173    115    2015 11 20 4 42 7    0.266319    0.309681    0.146861
4634    262173    116    2015 11 20 4 42 30    0.266319    0.309681    0.146861
4634    262173    117    2015 11 20 4 42 54    0.266319    0.309681    0.146861
4634    262173    118    2015 11 20 4 43 17    0.266319    0.309681    0.146861
4634    262173    119    2015 11 20 4 43 40    0.266319    0.309681    0.146861
4634    262173    120    2015 11 20 4 44 4    0.266319    0.309681    0.146861
4634    262173    121    2015 11 20 4 44 27    0.266319    0.309681    0.146861
4634    262173    122    2015 11 20 4 44 50    0.265673    0.3088    0.146466
4634    262173    123    2015 11 20 4 45 14    0.266319    0.309681    0.146861
4634    262173    124    2015 11 20 4 45 37    0.265673    0.3088    0.146466
4634    262173    125    2015 11 20 4 46 0    0.266319    0.309681    0.146861
4634    262173    126    2015 11 20 4 46 24    0.265673    0.3088    0.146466
4634    262173    127    2015 11 20 4 46 47    0.265673    0.3088    0.146466
4634    262173    128    2015 11 20 4 47 10    0.265673    0.3088    0.146466
4634    262173    129    2015 11 20 4 47 34    0.265673    0.3088    0.146466
4634    262173    130    2015 11 20 4 47 57    0.265673    0.3088    0.146466
4634    262173    131    2015 11 20 4 48 20    0.265673    0.3088    0.146466
4634    262173    132    2015 11 20 4 48 43    0.265673    0.3088    0.146466
4634    262173    133    2015 11 20 4 49 7    0.265673    0.3088    0.146466
4634    262173    134    2015 11 20 4 49 30    0.265026    0.30792    0.146071
4634    262173    135    2015 11 20 4 49 53    0.265673    0.3088    0.146466
4634    262173    136    2015 11 20 4 50 17    0.265673    0.3088    0.146466
4634    262173    137    2015 11 20 4 50 40    0.265673    0.3088    0.146466
4634    262173    138    2015 11 20 4 51 3    0.265026    0.30792    0.146071
4634    262173    139    2015 11 20 4 51 27    0.265026    0.30792    0.146071
4634    262173    140    2015 11 20 4 51 50    0.265026    0.30792    0.146071
4634    262173    141    2015 11 20 4 52 13    0.265673    0.3088    0.146466
4634    262173    142    2015 11 20 4 52 37    0.265673    0.3088    0.146466
4634    262173    143    2015 11 20 4 53 0    0.265026    0.30792    0.146071
4634    262173    144    2015 11 20 4 53 23    0.265673    0.3088    0.146466
4634    262173    145    2015 11 20 4 53 46    0.265026    0.30792    0.146071
4634    262173    146    2015 11 20 4 54 10    0.265026    0.30792    0.146071
4634    262173    147    2015 11 20 4 54 33    0.265026    0.30792    0.146071
4634    262173    148    2015 11 20 4 54 56    0.265026    0.30792    0.146071
4634    262173    149    2015 11 20 4 55 20    0.265673    0.3088    0.146466
4634    262173    150    2015 11 20 4 55 43    0.265026    0.30792    0.146071
4634    262173    151    2015 11 20 4 56 6    0.265026    0.30792    0.146071
4634    262173    152    2015 11 20 4 56 30    0.265026    0.30792    0.146071
4634    262173    153    2015 11 20 4 56 53    0.265026    0.30792    0.146071
4634    262173    154    2015 11 20 4 57 16    0.265026    0.30792    0.146071
4634    262173    155    2015 11 20 4 57 40    0.263733    0.306163    0.145282
4634    262173    156    2015 11 20 4 58 3    0.265026    0.30792    0.146071
4634    262173    157    2015 11 20 4 58 26    0.26438    0.307041    0.145677
4634    262173    158    2015 11 20 4 58 50    0.26438    0.307041    0.145677
4634    262173    159    2015 11 20 4 59 13    0.26438    0.307041    0.145677
4634    262173    160    2015 11 20 4 59 36    0.265026    0.30792    0.146071
4634    262173    161    2015 11 20 4 59 59    0.26438    0.307041    0.145677
4634    262173    162    2015 11 20 5 0 23    0.263733    0.306163    0.145282
4634    262173    163    2015 11 20 5 0 46    0.26438    0.307041    0.145677
4634    262173    164    2015 11 20 5 1 9    0.26438    0.307041    0.145677
4634    262173    165    2015 11 20 5 1 33    0.26438    0.307041    0.145677
4634    262173    166    2015 11 20 5 1 56    0.263733    0.306163    0.145282
4634    262173    167    2015 11 20 5 2 19    0.263733    0.306163    0.145282
4634    262173    168    2015 11 20 5 2 43    0.26438    0.307041    0.145677
4634    262173    169    2015 11 20 5 3 6    0.263733    0.306163    0.145282
4634    262173    170    2015 11 20 5 3 29    0.263733    0.306163    0.145282
4634    262173    171    2015 11 20 5 3 53    0.263733    0.306163    0.145282
4634    262173    172    2015 11 20 5 4 16    0.263733    0.306163    0.145282
4634    262173    173    2015 11 20 5 4 39    0.263733    0.306163    0.145282
4634    262173    174    2015 11 20 5 5 2    0.263733    0.306163    0.145282
4634    262173    175    2015 11 20 5 5 26    0.263087    0.305285    0.144888
4634    262173    176    2015 11 20 5 5 49    0.263087    0.305285    0.144888
4634    262173    177    2015 11 20 5 6 12    0.263733    0.306163    0.145282
4634    262173    178    2015 11 20 5 6 36    0.262441    0.304409    0.144494
4634    262173    179    2015 11 20 5 6 59    0.263087    0.305285    0.144888
4634    262173    180    2015 11 20 5 7 22    0.262441    0.304409    0.144494
4634    262173    181    2015 11 20 5 7 46    0.263733    0.306163    0.145282
4634    262173    182    2015 11 20 5 8 9    0.262441    0.304409    0.144494
4634    262173    183    2015 11 20 5 8 32    0.263087    0.305285    0.144888
4634    262173    184    2015 11 20 5 8 56    0.262441    0.304409    0.144494
4634    262173    185    2015 11 20 5 9 19    0.262441    0.304409    0.144494
4634    262173    186    2015 11 20 5 9 42    0.203618    0.227677    0.109522
4634    262174    1    2015 11 20 5 13 3    0.261794    0.303533    0.1441
4634    262174    2    2015 11 20 5 13 26    0.262441    0.304409    0.144494
4634    262174    3    2015 11 20 5 13 49    0.262441    0.304409    0.144494
4634    262174    4    2015 11 20 5 14 13    0.262441    0.304409    0.144494
4634    262174    5    2015 11 20 5 14 36    0.261794    0.303533    0.1441
4634    262174    6    2015 11 20 5 14 59    0.262441    0.304409    0.144494
4634    262174    7    2015 11 20 5 15 23    0.262441    0.304409    0.144494
4634    262174    8    2015 11 20 5 15 46    0.261794    0.303533    0.1441
4634    262174    9    2015 11 20 5 16 9    0.261794    0.303533    0.1441
4634    262174    10    2015 11 20 5 16 33    0.261794    0.303533    0.1441
4634    262174    11    2015 11 20 5 16 56    0.261794    0.303533    0.1441
4634    262174    12    2015 11 20 5 17 19    0.261148    0.302657    0.143707
4634    262174    13    2015 11 20 5 17 43    0.261794    0.303533    0.1441
4634    262174    14    2015 11 20 5 18 6    0.261794    0.303533    0.1441
4634    262174    15    2015 11 20 5 18 29    0.261148    0.302657    0.143707
4634    262174    16    2015 11 20 5 18 53    0.261794    0.303533    0.1441
4634    262174    17    2015 11 20 5 19 16    0.261794    0.303533    0.1441
4634    262174    18    2015 11 20 5 19 39    0.261148    0.302657    0.143707
4634    262174    19    2015 11 20 5 20 2    0.261794    0.303533    0.1441
4634    262174    20    2015 11 20 5 20 26    0.261148    0.302657    0.143707
4634    262174    21    2015 11 20 5 20 49    0.261148    0.302657    0.143707
4634    262174    22    2015 11 20 5 21 12    0.261148    0.302657    0.143707
4634    262174    23    2015 11 20 5 21 36    0.261148    0.302657    0.143707
4634    262174    24    2015 11 20 5 21 59    0.261148    0.302657    0.143707
4634    262174    25    2015 11 20 5 22 22    0.261148    0.302657    0.143707
4634    262174    26    2015 11 20 5 22 46    0.261148    0.302657    0.143707
4634    262174    27    2015 11 20 5 23 9    0.261148    0.302657    0.143707
4634    262174    28    2015 11 20 5 23 32    0.260501    0.301783    0.143313
4634    262174    29    2015 11 20 5 23 56    0.261148    0.302657    0.143707
4634    262174    30    2015 11 20 5 24 19    0.260501    0.301783    0.143313
4634    262174    31    2015 11 20 5 24 42    0.260501    0.301783    0.143313
4634    262174    32    2015 11 20 5 25 6    0.261148    0.302657    0.143707
4634    262174    33    2015 11 20 5 25 29    0.260501    0.301783    0.143313
4634    262174    34    2015 11 20 5 25 52    0.260501    0.301783    0.143313
4634    262174    35    2015 11 20 5 26 15    0.261148    0.302657    0.143707
4634    262174    36    2015 11 20 5 26 39    0.260501    0.301783    0.143313
4634    262174    37    2015 11 20 5 27 2    0.260501    0.301783    0.143313
4634    262174    38    2015 11 20 5 27 25    0.260501    0.301783    0.143313
4634    262174    39    2015 11 20 5 27 49    0.259855    0.300909    0.14292
4634    262174    40    2015 11 20 5 28 12    0.260501    0.301783    0.143313
4634    262174    41    2015 11 20 5 28 35    0.260501    0.301783    0.143313
4634    262174    42    2015 11 20 5 28 59    0.260501    0.301783    0.143313
4634    262174    43    2015 11 20 5 29 22    0.259855    0.300909    0.14292
4634    262174    44    2015 11 20 5 29 45    0.259855    0.300909    0.14292
4634    262174    45    2015 11 20 5 30 9    0.260501    0.301783    0.143313
4634    262174    46    2015 11 20 5 30 32    0.260501    0.301783    0.143313
4634    262174    47    2015 11 20 5 30 55    0.259855    0.300909    0.14292
4634    262174    48    2015 11 20 5 31 18    0.260501    0.301783    0.143313
4634    262174    49    2015 11 20 5 31 42    0.261148    0.302657    0.143707
4634    262174    50    2015 11 20 5 32 5    0.259855    0.300909    0.14292
4634    262174    51    2015 11 20 5 32 28    0.260501    0.301783    0.143313
4634    262174    52    2015 11 20 5 32 52    0.259855    0.300909    0.14292
4634    262174    53    2015 11 20 5 33 15    0.261148    0.302657    0.143707
4634    262174    54    2015 11 20 5 33 38    0.259855    0.300909    0.14292
4634    262174    55    2015 11 20 5 34 2    0.259855    0.300909    0.14292
4634    262174    56    2015 11 20 5 34 25    0.260501    0.301783    0.143313
4634    262174    57    2015 11 20 5 34 48    0.260501    0.301783    0.143313
4634    262174    58    2015 11 20 5 35 12    0.259855    0.300909    0.14292
4634    262174    59    2015 11 20 5 35 35    0.260501    0.301783    0.143313
4634    262174    60    2015 11 20 5 35 58    0.259855    0.300909    0.14292
4634    262174    61    2015 11 20 5 36 22    0.259855    0.300909    0.14292
4634    262174    62    2015 11 20 5 36 45    0.260501    0.301783    0.143313
4634    262174    63    2015 11 20 5 37 8    0.259855    0.300909    0.14292
4634    262174    64    2015 11 20 5 37 31    0.260501    0.301783    0.143313
4634    262174    65    2015 11 20 5 37 55    0.259855    0.300909    0.14292
4634    262174    66    2015 11 20 5 38 18    0.259855    0.300909    0.14292
4634    262174    67    2015 11 20 5 38 41    0.259208    0.300036    0.142527
4634    262174    68    2015 11 20 5 39 5    0.259855    0.300909    0.14292
4634    262174    69    2015 11 20 5 39 28    0.259855    0.300909    0.14292
4634    262174    70    2015 11 20 5 39 51    0.259855    0.300909    0.14292
4634    262174    71    2015 11 20 5 40 15    0.259208    0.300036    0.142527
4634    262174    72    2015 11 20 5 40 38    0.259855    0.300909    0.14292
4634    262174    73    2015 11 20 5 41 1    0.259208    0.300036    0.142527
4634    262174    74    2015 11 20 5 41 25    0.259208    0.300036    0.142527
4634    262174    75    2015 11 20 5 41 48    0.259855    0.300909    0.14292
4634    262174    76    2015 11 20 5 42 11    0.259208    0.300036    0.142527
4634    262174    77    2015 11 20 5 42 34    0.259208    0.300036    0.142527
4634    262174    78    2015 11 20 5 42 58    0.258562    0.299164    0.142135
4634    262174    79    2015 11 20 5 43 21    0.258562    0.299164    0.142135
4634    262174    80    2015 11 20 5 43 44    0.258562    0.299164    0.142135
4634    262174    81    2015 11 20 5 44 8    0.259208    0.300036    0.142527
4634    262174    82    2015 11 20 5 44 31    0.259208    0.300036    0.142527
4634    262174    83    2015 11 20 5 44 54    0.258562    0.299164    0.142135
4634    262174    84    2015 11 20 5 45 18    0.257916    0.298292    0.141742
4634    262174    85    2015 11 20 5 45 41    0.259208    0.300036    0.142527
4634    262174    86    2015 11 20 5 46 4    0.257916    0.298292    0.141742
4634    262174    87    2015 11 20 5 46 28    0.258562    0.299164    0.142135
4634    262174    88    2015 11 20 5 46 51    0.258562    0.299164    0.142135
4634    262174    89    2015 11 20 5 47 14    0.257916    0.298292    0.141742
4634    262174    90    2015 11 20 5 47 38    0.258562    0.299164    0.142135
4634    262174    91    2015 11 20 5 48 1    0.257916    0.298292    0.141742
4634    262174    92    2015 11 20 5 48 24    0.257916    0.298292    0.141742
4634    262174    93    2015 11 20 5 48 47    0.258562    0.299164    0.142135
4634    262174    94    2015 11 20 5 49 11    0.257916    0.298292    0.141742
4634    262174    95    2015 11 20 5 49 34    0.258562    0.299164    0.142135
4634    262174    96    2015 11 20 5 49 57    0.257269    0.297422    0.14135
4634    262174    97    2015 11 20 5 50 21    0.257916    0.298292    0.141742
4634    262174    98    2015 11 20 5 50 44    0.257916    0.298292    0.141742
4634    262174    99    2015 11 20 5 51 7    0.257916    0.298292    0.141742
4634    262174    100    2015 11 20 5 51 31    0.257916    0.298292    0.141742
4634    262174    101    2015 11 20 5 51 54    0.257916    0.298292    0.141742
4634    262174    102    2015 11 20 5 52 17    0.257269    0.297422    0.14135
4634    262174    103    2015 11 20 5 52 41    0.257269    0.297422    0.14135
4634    262174    104    2015 11 20 5 53 4    0.257269    0.297422    0.14135
4634    262174    105    2015 11 20 5 53 27    0.257269    0.297422    0.14135
4634    262174    106    2015 11 20 5 53 50    0.257269    0.297422    0.14135
4634    262174    107    2015 11 20 5 54 14    0.256623    0.296552    0.140958
4634    262174    108    2015 11 20 5 54 37    0.257269    0.297422    0.14135
4634    262174    109    2015 11 20 5 55 0    0.256623    0.296552    0.140958
4634    262174    110    2015 11 20 5 55 24    0.256623    0.296552    0.140958
4634    262174    111    2015 11 20 5 55 47    0.256623    0.296552    0.140958
4634    262174    112    2015 11 20 5 56 10    0.255976    0.295683    0.140566
4634    262174    113    2015 11 20 5 56 34    0.256623    0.296552    0.140958
4634    262174    114    2015 11 20 5 56 57    0.25533    0.294814    0.140175
4634    262174    115    2015 11 20 5 57 20    0.255976    0.295683    0.140566
4634    262174    116    2015 11 20 5 57 44    0.255976    0.295683    0.140566
4634    262174    117    2015 11 20 5 58 7    0.255976    0.295683    0.140566
4634    262174    118    2015 11 20 5 58 30    0.255976    0.295683    0.140566
4634    262174    119    2015 11 20 5 58 54    0.255976    0.295683    0.140566
4634    262174    120    2015 11 20 5 59 17    0.255976    0.295683    0.140566
4634    262174    121    2015 11 20 5 59 40    0.25533    0.294814    0.140175
4634    262174    122    2015 11 20 6 0 3    0.25533    0.294814    0.140175
4634    262174    123    2015 11 20 6 0 27    0.25533    0.294814    0.140175
4634    262174    124    2015 11 20 6 0 50    0.255976    0.295683    0.140566
4634    262174    125    2015 11 20 6 1 13    0.25533    0.294814    0.140175
4634    262174    126    2015 11 20 6 1 37    0.25533    0.294814    0.140175
4634    262174    127    2015 11 20 6 2 0    0.25533    0.294814    0.140175
4634    262174    128    2015 11 20 6 2 23    0.25533    0.294814    0.140175
4634    262174    129    2015 11 20 6 2 47    0.25533    0.294814    0.140175
4634    262174    130    2015 11 20 6 3 10    0.255976    0.295683    0.140566
4634    262174    131    2015 11 20 6 3 33    0.25533    0.294814    0.140175
4634    262174    132    2015 11 20 6 3 57    0.25533    0.294814    0.140175
4634    262174    133    2015 11 20 6 4 20    0.254684    0.293946    0.139783
4634    262174    134    2015 11 20 6 4 43    0.25533    0.294814    0.140175
4634    262174    135    2015 11 20 6 5 6    0.25533    0.294814    0.140175
4634    262174    136    2015 11 20 6 5 30    0.25533    0.294814    0.140175
4634    262174    137    2015 11 20 6 5 53    0.25533    0.294814    0.140175
4634    262174    138    2015 11 20 6 6 16    0.254684    0.293946    0.139783
4634    262174    139    2015 11 20 6 6 40    0.25533    0.294814    0.140175
4634    262174    140    2015 11 20 6 7 3    0.254684    0.293946    0.139783
4634    262174    141    2015 11 20 6 7 26    0.25533    0.294814    0.140175
4634    262174    142    2015 11 20 6 7 50    0.254684    0.293946    0.139783
4634    262174    143    2015 11 20 6 8 13    0.25533    0.294814    0.140175
4634    262174    144    2015 11 20 6 8 36    0.254684    0.293946    0.139783
4634    262174    145    2015 11 20 6 9 0    0.25533    0.294814    0.140175
4634    262174    146    2015 11 20 6 9 23    0.254684    0.293946    0.139783
4634    262174    147    2015 11 20 6 9 46    0.25533    0.294814    0.140175
4634    262174    148    2015 11 20 6 10 10    0.254684    0.293946    0.139783
4634    262174    149    2015 11 20 6 10 33    0.254037    0.293079    0.139392
4634    262174    150    2015 11 20 6 10 56    0.25533    0.294814    0.140175
4634    262174    151    2015 11 20 6 11 19    0.254684    0.293946    0.139783
4634    262174    152    2015 11 20 6 11 43    0.254037    0.293079    0.139392
4634    262174    153    2015 11 20 6 12 6    0.254684    0.293946    0.139783
4634    262174    154    2015 11 20 6 12 29    0.254684    0.293946    0.139783
4634    262174    155    2015 11 20 6 12 53    0.254037    0.293079    0.139392
4634    262174    156    2015 11 20 6 13 16    0.253391    0.292213    0.139001
4634    262174    157    2015 11 20 6 13 39    0.254037    0.293079    0.139392
4634    262174    158    2015 11 20 6 14 3    0.254037    0.293079    0.139392
4634    262174    159    2015 11 20 6 14 26    0.254037    0.293079    0.139392
4634    262174    160    2015 11 20 6 14 49    0.254037    0.293079    0.139392
4634    262174    161    2015 11 20 6 15 13    0.253391    0.292213    0.139001
4634    262174    162    2015 11 20 6 15 36    0.167419    0.183225    0.0888163
4634    262174    163    2015 11 20 6 15 59    0.253391    0.292213    0.139001
4634    262174    164    2015 11 20 6 16 22    0.254037    0.293079    0.139392
4634    262174    165    2015 11 20 6 16 46    0.253391    0.292213    0.139001
4634    262174    166    2015 11 20 6 17 9    0.206204    0.230929    0.111024
4634    262174    167    2015 11 20 6 17 32    0    -0    0
4634    262174    168    2015 11 20 6 17 56    0    -0    0
4634    262174    169    2015 11 20 6 18 19    0    -0    0
4634    262174    170    2015 11 20 6 18 42    0    -0    0
4634    262174    171    2015 11 20 6 19 6    0    -0    0
4634    262174    172    2015 11 20 6 19 29    0    -0    0
